col_0,col_1,col_2,col_3,col_4,col_5,col_6,col_7,col_8,col_9,col_10,col_11,col_12,col_13,col_14,col_15,col_16,col_17,col_18,col_19
-1.202492961804895,0.09830495166544165,0.6202234903636207,0.2468024709596794,0.44552882511410885,-1.9105266746024114,0.09653782491374484,0.5279123516999281,1.7683458358324662,-0.766326154205072,-0.9990900065938786,0.35321470529703847,-0.2749803090212126,-0.21892263864607425,1.613977776793385,-0.1643992530464704,-0.548029433868185,1.6524634187426244,-0.6273128828686048,-0.4354423226682343
-1.7663568131012437,-0.1568106131283078,-1.570374580427977,0.815144882370689,-0.14356611016734222,0.4740776591776408,1.6084190214743639,0.17866820706370398,0.38406378777828276,-1.0379166320935065,-1.0349544151043824,-0.6750755972408997,0.26710744879670134,-0.8680517112036812,1.727949683706361,1.2260093627771016,1.2138969885240753,-0.978294536482062,-1.1712218099884228,-1.0060598834869814
-2.0102955959573707,-2.1299917197829945,-1.1319130304376726,0.03214840335783825,0.5291149924177652,-0.20264818898444165,-0.8008042974016474,-2.1373946578410674,0.5896308120323903,-0.443355571645382,1.58559667626195,0.9919970061533722,-0.28498770286401476,-0.9651026355458145,-0.06923407355356592,-0.16432431845713324,1.8479682826586794,1.7740954050686377,0.25036284282471666,0.7285225982638401
-0.5726795058702359,1.8332823555829996,-0.3096748705317491,0.5650414932484593,-1.2989884714135136,-1.2222171861387519,-1.350356329728983,-1.9462413029799632,-0.10029117937855492,1.9269217213847087,0.2555863927773847,-0.6971739831143482,-0.33073724512162606,1.545215539326404,-0.2765999915082713,1.0685289660171988,2.967743222628734,0.3798940858910915,-0.007679804265715462,-0.8306578432203529
-1.5971829504513946,-0.9422579967037237,-1.0178543408302936,1.0164014362266167,1.1426767344960067,-0.46177943588139353,-2.6548288890763163,-1.483972191881923,0.9821580757152362,1.4362288976646789,2.075832929009587,0.49408949442767414,-0.45710476654536597,1.7650668628875916,0.315306739621239,1.2430052154687503,3.143095611636776,-0.9891173402483766,0.3706825841749024,0.7612678605277768
-1.1241965580375128,0.35943334968803603,0.5281098629156333,-0.5773788638928332,0.31916149157634743,-0.9291038497040532,-2.380818345873414,0.219110419860703,-0.5429740515120409,1.7082837089926173,-1.1581186396470402,0.7648035919981802,-0.6818640256807194,-2.4060473138865497,1.2886641803157075,1.721755110839586,3.4977498720549125,0.6260709159006452,0.32366540639501085,-0.8213820941679426
-1.8864239011572812,-0.7487293083668866,-0.847096879726227,0.3153905286146136,0.21821999372156808,-0.08852605874815023,-2.4318675126705918,-0.1525691143952388,-0.25367820813139275,0.889715242808964,-0.5239538879769976,-2.9280602949192023,-2.4577952242127576,-0.5183126976674546,1.2862268741254865,2.380918112120675,2.026009987136634,-1.4211750042078595,-0.6391542746304449,-1.375919516113121
-0.3915458223013193,-0.35877449876301903,0.649985232700143,1.4366279903857355,-0.3637150644729466,0.06644150435375588,-4.077489032800904,-1.2532187169536497,-0.1940722121890493,-0.1308230015096185,0.4042756505138053,1.8110125844125509,-0.7472180874137013,-0.7806903706187873,1.724563870194017,3.0949429413325333,2.007892001089577,0.5209601676322915,-0.5281730362194315,-0.5972637158022907
-1.2301012791952743,-2.355635216009274,-0.4956350665724162,1.783882442274816,-0.23423489773747136,0.2875515481230137,-5.473979534685278,-2.8502234303089655,-0.7597232801321074,-0.060373375098620605,-0.9975775869257755,-2.038051687464194,0.5746718639928825,0.029826912357349966,0.2005457475612551,3.459760762791449,1.0135192090709562,-1.1621779443949178,0.17690714302115995,0.35122302930338944
-1.3690589640494748,0.798495314109406,-0.7700522875764204,0.00475074198428127,-1.0289311747643834,1.0640511150661724,-5.321738545696679,-1.1400534467435461,-1.0125437857086426,0.4282541309520464,-0.7955669746024758,1.3765526610176797,0.6451807204293748,0.8799581376709993,-0.3008578626267294,3.653250838890004,1.8577018847634874,-0.5662539984684537,-0.029299393042715394,-1.0082340717440685
-1.6980064019139511,-1.305282018006034,1.4675595298067297,1.865435011091926,2.087984068145066,1.0358899075487795,-6.027678857660143,-1.0956249548905566,-0.7511279410651334,-3.757290099851784,0.3956869649614771,-2.4691341316082682,0.47307169988326336,0.4348572963834866,-0.06648979418869383,2.089838523821702,1.5260130798546336,-2.9838844012921615,-0.4851009767544893,-0.6409811318560986
-0.747968786084814,-0.07657937919730967,-1.1011677857202202,0.8925279164923298,-1.762650433958326,1.193546381733348,-6.979261724364482,-1.1973259523389586,-0.038842731950763765,-1.1905902890860462,-1.5131980076402345,0.8422812049497992,-0.04886764602039195,0.4032230728562334,0.0182610903560934,1.8863111885263413,1.6887128620306662,2.4983520149136926,-0.21752220346727752,1.423971466850161
-0.6184013536779416,1.3376662411795932,1.7008307418073947,-0.13946819730556553,1.7384876633275888,0.38540044399078904,-7.925603144945609,-1.3745312310829474,0.28261386895232254,-1.0420898928976094,-0.4891327316285041,0.7654341441490773,1.0964847839879246,2.0050129875075355,0.11670210732579192,1.2331635969729429,2.5096787677962524,-0.7933258768235569,-0.4489770279709243,1.1767188778836044
-0.4200947879410084,-0.8965507921323174,-1.543781384111583,0.17118071994735143,-0.3737943880737097,1.8267027186418234,-4.772220257984835,-0.9052793239987615,1.388118129706549,-1.8328072718726678,0.4705882009546606,-2.0144809117299034,2.2496671812259823,0.6377056078596623,-0.880876747029998,2.027645983478188,3.1382949986137545,0.4714984851415537,-1.4984060651188025,0.22929385061413338
1.5461194841558357,0.5444026784541474,-2.51811382610127,0.7732654575830906,-0.3458442219581547,-0.627158172653645,-6.577613088592478,-1.9443801194546069,0.2299866985840286,-2.185398373970756,-0.6463853950453099,0.18465852272099337,3.0618873327731744,0.23042300998047188,0.3650612603630886,2.4174841144461903,1.453577261099224,0.1384999144541219,-1.2749000383284474,-0.07550905270441878
0.7740785492252121,0.3135693071534651,0.7083444156291746,0.31553993722391216,-0.5721233800843607,-0.8983518713806571,-6.266273620302619,0.12227889865347663,0.4158183232745144,-1.9869008093116642,0.48260364728463323,-0.06253727778211446,2.2945375735292983,-0.10037989173647695,-0.41593692556545636,1.3645301788843571,0.38741361552344156,0.16236829521109858,-1.805662281251092,0.7289076966715115
0.5690485654671309,-0.7893387744449089,0.02137627208313994,2.206185030632731,-1.2921405451988308,1.159502207774477,-6.828833032127363,1.683571234148982,1.9331419870895747,1.2674805120724166,-0.8464181603125143,2.3561298466756844,4.789749306754654,-2.0966620429381466,0.68164513330613,1.96890203836906,-1.9151268383203743,1.158071161182444,-2.31908711088035,0.17026183300918118
-1.3347815300651131,0.8646216942996972,-0.9407641904064791,1.5471461346072903,-0.6864460276215358,-0.5395302917088083,-7.505181498140899,0.6446864734855209,2.664024880168269,-0.9377982293033307,0.8383215457457766,-0.22881870969761875,4.696790086375859,0.07116892520294749,-0.7819857259295298,2.3050018246134476,-0.7819393164223387,-0.15835280692168324,-3.771013828420384,-1.0758933406059759
0.44280109325017714,1.5637238165063478,-1.5066514454474762,0.6919654296751341,0.2843291480204841,1.6884911915144467,-7.150548081137868,0.9547153743642957,0.17051983309556165,-2.3306474032110844,1.1612274341993811,2.5243156962371436,4.994491361383153,0.914850454860336,-1.692376877870168,2.8569389463527446,-0.5795002839284082,0.0037510075398227843,-3.812454855236512,-1.0636769095493397
0.3952398056797182,-0.8717479002852172,0.9294121476934251,-0.15243951300512748,1.1731095644794858,0.11586393988770782,-6.539652194942854,1.470234662863965,0.24244271297520226,-0.3134494114503832,-0.6913351861885679,-1.6603544617015418,5.253550088942779,-1.3910333078321246,-2.4686837925218117,2.3444362060347146,-1.6879005709658936,0.38152842781046015,-4.229757245948431,0.8764114120361187
-0.7576412692667966,-0.6505481177630552,-1.8062372023953488,-1.6972082877694192,0.39196107177865325,-0.7381221577523572,-5.686177760537657,-0.2662467421688821,0.6048088464920578,0.4829658665197021,0.9679572027697223,1.1139490404108594,6.518951218880536,0.969627036287264,-2.4572103507440737,2.2718835312060466,-0.5994405925254225,-1.693189363999622,-3.398503362772844,0.29283296810449005
-0.3714961005926179,0.17057188457425188,-0.7195005503124916,-1.3135652843975327,-0.03586032682798504,-1.259544297286165,-4.7652198989087635,0.7880637689124679,0.43617577903585314,-0.2516374937100351,-1.009068563722788,-1.1625150100196933,7.347219760596117,-0.8308069624664939,-1.8780263016566474,3.2194062789320226,-0.30664112020857887,-1.0358338116281174,-2.9556693486403156,3.052988316234055
-0.8225614620589945,0.912786568527754,-0.6941606295369507,-0.8011554262847143,1.6686268730668545,-2.481554373058603,-4.548925293692315,0.5398353752125717,-1.1280872580582197,-1.000939415625266,0.2326166047576483,1.260582846355294,6.3965249910824085,0.8320743336765637,-2.166359948204091,1.8946954133025153,0.5685186758491356,-0.41557254639587865,-3.509600311568806,0.11030992335360162
0.91568062438553,-0.7092377984762506,-1.2870523137100844,-0.6998365498348695,-0.8876684261713227,-2.127605756878413,-6.665526340708563,1.8117879838894693,-1.6837661521823069,-0.6885289985220645,-1.5059681362108637,-1.6659554706914144,4.660062956429554,-1.3477602400332376,-2.8902236746711436,2.359120464893368,2.128134271475475,-1.149344183414796,-3.7879330732708425,1.1815464989106035
-0.47763160865973653,-0.3051580038334292,1.6382088118122349,-1.117355210845691,0.14434498602354628,-2.0801297697598335,-8.506337656650214,0.81437379590614,-0.10950302122023703,0.3453790928745182,0.653659182018007,0.6506240092310537,4.162982311297359,1.476566299747514,-4.3995165705207375,1.6933266846424782,2.4073455651560973,0.08264812592529014,-4.267783355891481,1.3595697295473828
-0.9684072202916127,0.8197123066542445,0.7083088854360449,0.4791673459017165,-0.019642098047044657,-0.5878128460618074,-8.292591589967206,1.936964216550627,-0.9592981448629972,0.25620677683034737,-0.23879371736254779,0.8308832522406285,2.056790233915135,0.9602431336362941,-6.230161195697882,1.7883328519633546,1.8220319042755766,-0.19523289270827232,-4.2450165755851454,0.7051704894549373
-0.8139365577563327,-0.6346754518618514,0.38294299188106284,-0.06339820690086218,-1.1992024848660354,-0.9664438018068313,-9.898050049793973,1.844046479393767,0.24642162983317317,-1.1725950266896399,0.09803837002841778,0.3668588509608294,3.929163064604266,-0.22790776740549112,-6.971575199045207,2.172165829157168,0.8198408650778495,-1.22299360787835,-2.9638145726010454,-0.06802021557461298
-0.29191263839532566,0.359023608437892,2.533030146516884,-1.734411164952591,1.053060355868752,-0.7184672536976157,-8.914845667446311,0.4408044281023862,0.46599440057390357,1.3062306933339376,0.9094344247391948,-0.7752916678040178,3.7340153258662854,0.2100849474620815,-5.990768303448255,3.8553106012355567,1.515968947274051,0.08969753145239445,-3.5089361606727394,0.47420090491889694
-0.4997164446994221,-0.11994874627536209,0.538294006063252,0.03704871600730453,-1.2155636939250547,-0.8936877599835233,-9.538733721676879,0.463187538663643,-0.24835673984560533,1.2628326019418914,1.996681654367268,0.856980013812785,2.87815587587697,1.1856948074846214,-5.178107775639421,2.126071416153873,1.7175876129684104,-0.6096046634575607,-3.3981140732998925,-1.1204222024517236
-0.8266989633734614,-1.400015605137251,1.7048036424737036,-1.7542935635390688,1.7675811750758366,-1.3573129187541786,-10.243527594931564,-0.17009061295337424,-0.939911593264178,-0.7074464229161462,0.06523807995107311,-1.6120265729984466,3.048728753274185,-0.23521447380519533,-7.226434424591353,3.0248091717894754,2.7489306046731246,-0.3566702518861561,-3.966165796904161,0.8265552637265311
-0.6669929209794712,1.7970467282467428,1.0196743284852514,-0.7106506256659771,-0.06020662840228852,-0.5053901638177389,-10.563932041939028,1.341159408993765,-0.9986643085676946,-0.7183144644627285,-0.5119738439981057,2.14780168195854,3.6073601855088393,-0.01634929117286274,-8.106016590693075,3.587054747452318,1.1787224477343567,-0.31156444922387716,-4.959508159686527,0.46462909828140897
-1.413516580216624,1.0990992275933764,-0.5308420283535373,1.006290924281221,1.7879781284044103,0.22660240003169618,-10.62674871874548,1.534848183518747,0.6269885308745924,-0.09422145776141827,0.1811610644221378,-0.3551244521795155,3.486888164682095,-0.8602385972498844,-7.569400233423419,4.4094380742924395,0.6453538623497858,-0.09825259351405718,-3.728571039916731,-0.1397972063124766
-1.117229477816175,-0.8066467039466527,-0.18734689349714745,-2.090252667530748,-0.5654675948447649,-1.301971838356664,-10.24547527172962,2.606596464360022,-1.0421435839485311,0.07047626044337664,0.1847921966988359,-1.999494299834879,4.913839340383844,-0.5573626008497997,-7.9234019707855685,4.69897466249323,0.06373348835669557,-0.8544781555199672,-2.970643401804674,3.0052159229575914
-1.3619204632544022,-2.046906440946345,-0.06856061563568976,-2.07439307774263,1.4015816867898607,-0.8536459425814986,-10.475519833699652,2.697413645703907,-0.49698704786598824,0.8456135680854631,-0.1760581774859563,0.5627660127955334,6.137641212459182,-0.18988132780504224,-7.25797805071247,3.941212919697627,-2.696279777584688,-0.12548758032822593,-2.9277578507299724,0.5630108714810599
-2.2002664460435346,1.0654015255735065,-1.041579476384781,-1.096991462182048,0.9976100890110396,-1.948736599106347,-10.857609569408652,4.030616382513776,-0.14396778415547173,2.340918219426713,1.1118117816546236,-0.8899286102004325,6.016644491186389,0.14275163128245616,-6.1574553105629235,4.6872096160626535,-2.1898065224220273,1.5266934383290485,-3.2501469473920057,-0.2629099434150529
-0.38604322205095487,-0.19651322899502333,-0.11950307131864246,0.05972716000094713,-0.39738660048526936,-0.584221300794415,-9.817413442707787,1.9938861092751847,1.1911596298621066,1.5033329630758878,-2.957114014684436,1.1557678513587732,5.6217975957326365,-0.9992562587045676,-7.130329464345985,5.582719749337544,-1.8623213595835866,-1.268807316748952,-2.2786947582125574,-0.08221751665398924
-1.0247246424860235,-1.8544849609171563,1.114020294348569,0.9669552492812685,0.7830571368137528,-1.4814298784830142,-10.844236027316205,0.660092121700676,-0.5740838415225141,-1.4475018104794695,1.6295853920182433,-0.3208459499324422,6.426687286003676,0.8889072094533379,-6.673556605774936,5.9183637113720655,0.14995578611411586,1.2184999120511013,-3.2853324706791573,-0.6559738610709329
-1.2416521023705558,1.511796951290583,-1.4762325873730533,1.2352155617853877,-1.6125320530974285,-2.646131840110531,-11.965798800015602,0.30772886450364345,0.593301706405026,-1.0075801664585247,0.11667953351890625,0.7507265551771561,8.61348610850459,-0.22496547299593078,-6.939212247969172,3.3065860274216874,-2.0724741143899017,0.5247420332812398,-0.8335808677892307,0.7667961856527024
-0.0036295028031929633,-0.27613932561593935,0.918603698220545,-0.7012102677331923,-0.5953337039703475,-2.1965784717927193,-11.833337779045936,-0.46588634561052633,1.5198676262926036,0.08560220468709667,1.183130504764007,-1.247922569673909,8.813071667763271,0.0521772205919671,-7.853588204917375,2.9415111676609125,-1.6450982293428298,1.8446938540633504,-0.9883339444416863,1.0930148740689583
0.08854779810190665,-0.16961889568273383,0.055411811376972014,-0.8469338406730635,0.5892747764518201,-1.6930844921366184,-12.180307652322949,0.5872034618109088,0.8878092541851514,0.4865941884450959,-1.0212546020750106,-0.8062448731762643,10.12441288866054,-1.5955304032580138,-9.063473544649321,0.35789316273542093,-1.3428144019472505,-1.5300591792556153,0.48388163452436683,-0.8935796278551703
0.63876677074477,0.16222888485044512,-1.2205851400541463,-0.03517008002384753,1.6572175088238408,0.5493045830056993,-11.68345894817849,-0.653037037937561,-0.8768658893934437,1.0745850578163103,2.13040912133644,0.39849482798166946,9.941695176007837,1.9858177719401708,-8.906137468786017,0.5965346841000219,-0.14782390868423922,-0.29698989245751095,-0.530427126701764,0.42450133986747307
-0.1877917389701983,-1.4470613717224663,-1.9984663524685489,-1.7241080901004118,-2.1196191233773107,3.293433896506274,-12.685256663431126,-2.3180452841250494,0.18056857127913645,0.723934585082014,-2.1405768448835882,-0.8266308044883458,11.016613193663725,-0.6070808184262941,-8.705892645248131,1.9356076191412188,0.33333006148383376,0.6369075270124562,0.13858758622297918,2.3302231760175354
-1.7264641918984522,-1.3430093965659609,-0.09742327073869661,-1.4298880872864494,0.77143816309275,1.7028344285414037,-12.486077429336248,-4.0262578127502255,-0.37699424987866986,1.291076285624569,1.4308141063518396,1.6234940659377743,10.22341660289351,-0.5171090129464682,-9.046669793986954,2.5522516530622568,-0.810116407593412,-2.2106781590125224,-0.9201819009019786,-0.43116991697007534
0.3194740029879246,3.263135316890412,0.725739847888343,-0.40245802697585953,0.5629782705383479,-0.8607749484095373,-13.133255061006768,-2.4964638104035846,-0.4673869540267713,0.4579968290895419,-0.5127921330480937,0.14437556016649855,8.370753994386105,-0.15802652464982658,-7.797682463942754,1.4846824618343806,-0.6135472344279669,2.772191996654829,-1.530996519643862,1.3359024272639315
0.0940180741545921,-0.0659568436289979,-0.39405757397383495,-0.2720236676559144,-0.23882712832626968,0.2144153092136415,-14.189082789323136,-1.8461635221928563,-1.245748196501723,-0.7390877208792649,-0.17939604386926997,0.10586555925507209,9.020817202551344,2.5384350469840915,-8.385031311491161,1.2970501984339744,0.47708564039804724,-0.47850856824200594,-3.276106854240514,0.34803084485721153
-3.0287360582353475,0.39052032650109686,0.5698251393379106,0.06100077151986638,1.0793297605131813,0.968466761340846,-13.838925173443505,-1.5324772706229186,-0.6698233921242043,-1.5306358413359489,-1.4897428257203238,-1.699786836457242,8.899218229293908,-1.5572833488779778,-7.530588309397115,0.7711210412722157,1.2093301143957493,1.4256340817099746,-2.3863690164358777,0.9652164499396674
-2.5438974099311182,0.2795803990641107,1.5921242852898152,1.736148516540161,-1.9204820454067266,0.21517215694077862,-13.312579259185002,-0.1534346014612109,1.42455365746548,-2.3358216302487618,1.0653475556154175,0.5653270539214097,8.96135419199456,2.2387281492802624,-8.752516929580322,1.709329788736061,1.5740943053892287,-0.8623219016245584,-2.4375970775563447,-0.25253221464369946
-2.4092824054576503,-0.3988596266226109,-1.2881139035353821,1.6238373232658971,-0.7258244343451432,-0.11621593447357148,-14.446907223153682,1.4430917986172374,-0.6121797480923238,-0.3087637372830001,0.38549909001200067,-0.005289421941140016,9.669436182820958,-0.8356943048055143,-11.00358278598222,0.9958446088454243,2.4954484407839996,0.6329831884750892,-2.109959608270664,-1.1778209933797474
-2.7070775763410317,-0.7895898924121699,-2.276251027073619,1.0588425125569814,0.18619891597661187,0.9313301279578479,-15.706519776278922,0.20646313590717114,1.8620803460699298,-0.6832311226244183,-0.8858944704726625,1.123823117419132,9.151803970977127,-0.868957612320532,-12.032678595428541,0.47023638073564666,1.4972560431139872,0.19815189924229343,-1.7877111482590498,-0.9077822648949382
-3.4472985465931725,0.30202078028087104,1.0648202251546677,-0.22946681662998386,-0.24483740136557658,0.30245770027115804,-16.99539831045655,0.9406055512559254,1.0037728865584825,-0.30975261079680333,0.5165829362917979,-1.073944953896774,8.331215202520049,0.8964933412093326,-11.88745140048024,0.018528596695492006,1.733443089052395,-0.02171465010315804,-1.7325152585874948,1.4216923796416971
-3.4958063651084594,-0.4238092791005377,-0.14492338031307103,0.5903881696033424,1.3328114404420335,2.805196177848534,-17.06468458596878,0.9636048423201329,1.3881449376541022,-0.04574291528896632,0.6072026919419365,-0.04198363049858811,8.488900432059406,-1.8563046642144916,-12.74941978648802,-0.48432220271211157,2.4529160238959267,-1.0697817047228237,-2.5557028232126675,-0.684980771914034
-3.5294015335130173,0.8497318754566503,-0.4137001630231572,1.1091630361677711,-0.31954117448355934,0.3358209425989258,-16.984580064496132,1.7970821543081728,0.634055815204558,0.42884975871524583,1.5960514439947266,2.258722520807878,8.725824286479018,0.8364505254724681,-12.223586283769023,-2.237391303958419,3.558238117768586,-0.08001324816510108,-2.76707698093858,-1.664537736919957
-3.482126988989899,-0.7609455647354748,0.7224498486245541,1.9619628721805888,-0.5789219808212634,0.5507142111717779,-16.62560135365112,1.3973227204670207,-1.1992121372332476,-0.6588682050034316,1.1482476637632266,-1.302368109737111,8.235541935480583,1.0531579448446462,-11.702088332145715,-3.0060074849062444,4.7963824922455895,-1.57941984992964,-2.463036135327031,-1.123022793308817
-3.7173610774542545,-0.20585137379639523,0.40009113921188566,0.4554164611234678,0.1360615024009885,1.0492796691685888,-15.629855965198187,1.0493023185449697,0.5023248324014141,-0.034572553785093774,-0.31455613856455145,2.1126665622820413,8.40313639773735,-1.4848636534903201,-9.444249355669314,-1.5494916836728394,5.260112655718162,0.17252907342216828,-2.9040696943546824,0.7876888083443947
-5.5848425723418815,-0.6809445728570989,-2.2447347897652055,0.42812851993793605,-0.6550388394349067,2.0593285902314573,-16.760456123917255,0.0614009896711476,-0.08221816234167444,-0.4265478110923649,0.6837484155203051,-1.6186432507534714,8.259783656889637,0.5772619077701926,-8.507930831488617,-0.06286846845529981,5.25743233486787,-0.30245741789286146,-3.6118225157225634,-0.5548490777586098
-4.38178986947473,0.5367021559272565,-0.4663198680620167,-0.2146382696815768,1.0702700894642865,1.1468061193744834,-16.8335597988488,0.3436392720132736,-1.1975458519092204,-0.815927965279253,0.9880166586927983,0.2681251452346955,7.928373810890922,-0.015933225543397544,-8.494139975666986,-1.004624052989953,4.101860043068944,-1.1338647762604694,-3.119986502572865,0.17148949380990758
-4.617704137052731,-2.670522511028972,-0.6767934302260179,-0.40566749268763796,-1.7976612252894464,-0.19408357414389144,-16.379804290335205,1.5731469533678708,-1.6248565440780423,1.3422294031831867,-0.19646722666488178,-0.8876599223198075,7.081443276113597,0.32690597639996083,-9.045045845953837,-0.2604467224823085,2.774824758413245,1.2944974534768945,-3.840956822812994,0.6021474185209745
-4.447756001860075,1.9527404576418292,-1.364655120524856,0.004848538139690828,0.10931328842899846,-0.8833712583871556,-16.531677843967213,1.6364602037079443,0.6671419548042874,1.617402712824492,0.6257562256862014,0.522358187919265,6.889435529473524,-0.6275476609454047,-9.151234207729576,-0.4607986177050968,1.7182914706799572,-0.9288745381114912,-4.287596038462573,1.131761678796234
-3.250614540910635,-1.2404513393952625,-1.6278479922901419,-1.1673721019463539,-0.9679397710921187,-0.08769910424519767,-15.789623400478234,1.722391763342924,1.312040300691677,1.92607472564237,0.9837711667148616,0.2533045431901051,5.577202342933667,2.1051484396791924,-9.420670005397374,-1.5666154260144318,0.6438371131922143,0.7179802546464832,-4.095250892007513,0.15119163735599045
-3.1506585201287827,1.3750410980939591,-0.6528694235987751,-1.462674954128678,-0.9984435621886828,0.4020612124084231,-15.244469721766546,2.0016442329703725,1.6090288002280575,-0.7019476499662677,-1.066331709163146,0.668900098358183,5.8348991508278765,-1.649825979120201,-11.40777629746238,-0.31329599896113547,-0.03785864792235538,-0.8796145238873927,-3.990143799527172,1.0372507094924763
-2.6631278877212505,0.7766281649349056,-1.5103368368703056,-0.4561567571038666,0.17049164772688163,-0.05277198019729773,-16.73673394177491,0.6356326235083003,0.20252285182078045,-0.6139709576554733,1.0292862749737886,-0.4364499347561903,5.938804262304012,0.47550866236413386,-11.373830514835667,-1.890051070665635,0.11096018352428486,1.9500849161899383,-3.9695567345849017,0.6390088219461458
-4.315083090048714,-0.1784460176599594,0.33088689190324805,1.0098960290193755,0.007944909618137097,-0.5837010330464241,-17.434266143533097,0.7117016251141226,1.416814005160563,-2.3601232566806094,0.9820137062015695,-2.1078566809899595,5.63856187696353,0.6182812481113991,-11.480195021270632,-1.0409983964748886,0.2566354079168912,-1.459054661137561,-3.6680377028347357,-0.7047338649824495
-5.815271091877889,-1.6584786447131465,-0.2831813106600236,-1.0464615807097764,-1.165324543095337,0.4596788798786019,-16.65096563732278,0.3106994645376127,0.6473963570814661,-0.39995257003294893,-1.439927082034829,1.4495843503980743,5.061037439259365,0.11586392581355942,-10.962358677149169,0.0678675626051819,-0.5140761765820827,0.36931662546096794,-4.230158119299826,-0.9792935555754607
-5.790516406888207,-0.8686954899108454,0.785493033827671,0.1938592647335472,-0.2774657157007908,-0.01900145007879961,-17.892164812018265,-0.19796950215190517,1.5821391009471706,0.8542305852854164,1.1466686699741002,-0.7424481280052232,5.001197676510506,0.11670487317512676,-10.841845558962468,0.7064905890713233,-2.60964942486118,0.7540953167147221,-4.4197535263755166,0.028600713640729067
-4.541965655898865,-0.15328287441646182,-0.392524601793676,-0.5973397448196957,2.1092554361950455,-0.5861578658545366,-16.468679350642095,0.25658062386871044,-0.5760037139984774,1.351821164254135,0.16873300292511773,-0.5456244997511643,5.305145486415824,0.7479033816486408,-11.061941269558899,2.7124609932206,-2.353791135590748,-0.5882410610685007,-3.2629058842431586,0.44361212064348654
-5.666169918029267,-0.0004347939235308032,-1.7139811682367452,-0.1791870614860189,-1.9637115127904259,-1.683962423376373,-15.921639154117864,-1.0145345635990717,0.5326299570786158,1.7789951679576195,-0.5239635324383694,1.0388143415330793,5.823125059479903,-0.6681534764637085,-10.34074926638683,4.232820819436185,-3.2178967793015305,0.13576660852699424,-3.030160472536376,1.338436939153909
-6.2790169107044616,0.2895955060665416,1.9447096187097817,0.9552546628322367,0.960021893168322,-0.40758839787839696,-16.48335674363683,-0.6127244430833825,-0.48824573846327096,0.2825799496459007,1.352325007358277,1.5296166249665315,6.6211353874799155,0.07398692027638581,-9.925804085879362,2.668101723591578,-2.827945728011247,0.23631222877954017,-4.082984353171927,0.9395486301158766
-5.342018883545755,0.6249623603100563,-1.496864207858934,-0.40842457977261326,-0.9995929940098716,-1.7776451631023618,-18.64284253729373,0.16566837996448763,0.49762595355964795,-0.7652963968574193,-0.04855655416067822,-0.6513081138594001,7.023390420928948,0.40581141202615023,-10.97001666337288,2.9295464423263624,-1.779690230560364,-0.7721128066350996,-3.2203510408633393,0.28197858233964024
-4.596208199121294,-0.3137048654953094,1.2448688820513836,0.16096762181005703,1.3703717360079621,-0.4788181734103645,-19.13113973024872,-0.3735382415066093,1.423060074218302,0.5918404326248803,0.4804689859925276,0.19179927486709183,8.316653701503153,-0.9634401711352408,-10.88823690892023,3.7867888030169374,-1.5147749122643115,-0.873480928841925,-3.927123121360848,-0.0016808191628032015
-3.438406142397196,-1.887957648485398,0.10081037535813844,0.5275969306024131,1.6837235696245472,-0.9821079548195917,-19.42858620444092,0.05161890311248024,-0.15283561772594934,0.6951258760062524,-0.7469363068320743,-0.12122777354221714,8.273346393001926,0.2146496813922878,-10.459704470477925,4.321903073711221,-1.7745647447943411,2.1375720875823054,-4.48221337607837,-0.9529446501773261
-4.245616272299274,1.0182182169232068,0.4991555855104977,-1.142802890291065,-2.4002172575696377,0.15947976789497453,-20.761479015360564,-0.29145455836144984,1.6657392513152058,1.6177687809237673,0.49116542278381553,-1.0846716834327275,9.511818473905818,-0.632900260621197,-9.49357368144417,3.5989123812145998,0.018494168549392453,-2.4151406385206844,-5.3239634946506085,-0.4194932662030028
-3.9516894337461577,-0.04689342558487486,-0.7259500726755861,-2.177295100826714,1.0750729189989787,-0.1628043714348429,-22.090172113932372,-1.2631354940790678,1.44407211053892,-0.012573607046977187,-0.8827894251387813,-0.5211642447766428,10.092025945429494,1.0745941917411577,-10.677707094303267,3.5280882477561852,0.7688721421925631,0.6217452399363363,-5.515605127623246,1.272323833941773
-4.999163729867329,0.7462863258109491,0.18120300841507597,-0.5685703508258291,-1.3002504841092781,-1.4196176917947938,-22.63811968840986,0.6562731791036883,-0.7372228074435596,0.5508616803022592,-0.37492056174021365,-0.018231791104066863,9.131455213824175,-0.616153180528167,-12.063489424837485,3.779415608193913,1.4235494992516453,-0.7471597466358855,-5.357696494948217,-0.6801801044989048
-5.423161774940495,0.3069585438822876,0.1456045519184439,0.16739152977144522,0.27542304676276846,-1.167434024508108,-21.20612776022803,-0.8192129178531976,0.34491143113507894,1.0358925398331067,-0.3376967100612468,-0.5105674195286292,8.035920276296014,1.1043066063500775,-11.295007458173757,4.511996575777155,3.0138277194798433,-0.07213806444920773,-3.3982049549034867,0.5391974031205445
-5.456881716718891,0.8714569614391431,0.8187392321455853,-0.9864206142748343,0.5001945523595199,-0.5861858530365233,-19.70865779834098,-0.1934145131036284,-0.5599688866453227,0.37483217824731907,-1.3147961806507085,0.6170275421752168,8.50840247596705,-1.6646559174108537,-12.983127157544853,3.8186207624287434,0.11631063807874709,-1.2567976691666076,-2.86435596469569,-1.8950982248931316
-7.29127870123397,-1.4566098966130578,2.2729846737282653,0.20805265520438204,-0.6870479426561074,-1.5090144984926888,-21.0047509540678,1.2923178927087695,-0.35162003182421886,-1.3952867281763113,1.6950882861487586,-0.389326902899115,10.157833900105024,-0.3609940257441162,-10.56531396093272,2.9782282383250847,-2.5435775071480164,0.6057421471285265,-0.7028893093272726,0.5685438390243
-6.8830364920600635,0.7732986280631993,-3.7502196632483784,0.5077284837281466,-0.5648367796097273,-1.678885655593843,-19.575801965512447,1.26326082405637,1.745012719820624,0.5759736666153608,-0.015541043385579045,-0.9257927675415392,9.649692329427843,0.5948273164208863,-10.648725968851075,4.7238518431786645,-3.158758857010795,-1.9486704692508914,-2.4256235094512544,0.35704913733801524
-6.281790650870964,0.5690702998973404,1.7384770698588383,1.3688607946467313,1.4915685367833895,-1.6427318025023623,-19.73921800028271,0.43465011649442475,-0.1732189022878902,2.108762870426316,-0.5025498042184833,-0.14658584174733952,12.23296621885219,-2.867943736592223,-10.814170490094304,3.8702211695836155,-3.9774937896275127,1.5162193563743767,-3.539821792103006,0.20959170543690347
-4.900920582114778,-0.13622598534253308,0.05273975415939475,1.2745816808161345,-0.08809081279380304,-0.2525543432878178,-19.047319535368523,0.41063552437780393,0.9770128477566515,0.5287067451032672,0.3404493915233969,0.9254171490360951,12.450091741300993,2.3313332550021117,-10.987198881678683,2.4100573714168245,-3.351106546970206,-0.6789717758047591,-1.5014577990006561,-1.0129898005371076
-5.288843120436066,-0.00034677854753530774,-0.9705746379790802,1.650393834848631,0.23540650339056174,-1.3075621123825643,-18.90087502604544,-0.35780835282597906,-1.4612166164074458,0.4052801953576421,0.2597412035607706,0.7444714559081287,13.199840005426694,0.025181396447753857,-11.921716117361843,1.6202636514409616,-2.947715931414469,0.8388145282666533,-0.4121604155758556,-1.4626900159891387
-5.8416870148596765,-0.032953653052891566,0.16041306042326303,0.738706496501062,1.8895620668791473,-0.7984751733955757,-18.30895447202309,-0.33576058881487897,1.0051201290523157,0.46897619370457916,-0.16240436635867062,0.5565426993467303,12.206880490620348,0.08373907812468588,-11.033073422108965,1.0634069424379677,-0.8024478448430239,-0.930064914049599,-1.907505535154317,0.46171370762905084
-7.169825242207422,-0.029621164868008663,-1.1854815842698805,0.2056371814411556,-0.9803776729784506,-1.2935829905933556,-17.692911383997842,0.0023283457285821485,-0.4067635400114309,0.6018349238137117,-0.17884164227190655,-0.40843299240464204,14.578745011439596,-0.5494652578591853,-12.590101357508233,0.40409580595176486,-3.242484680797013,0.7973809118322943,-3.04187512246203,1.4026152653564687
-6.825881557218014,1.2234841498414688,-1.807974510388986,-0.307254357379399,-0.7957954118786704,0.2995662406494999,-18.162193558815538,-0.9027940417317603,-0.6318612071924558,1.6309721782998297,0.5887791663655721,1.8074686550061783,14.482787063672571,0.9052856534030351,-12.732295866473924,2.095089562440612,-2.843342251058354,0.7867667236165323,-2.9322040131397316,0.27745985467953027
-6.393216190141779,-0.2691659221407504,0.012880858751335711,-0.027356723774093927,-0.7006270412871995,0.4694821434680747,-18.181933916947102,-0.0907570222474785,-0.8194144564981947,1.688881139923934,-0.9711443399664085,-2.3872962814912806,15.441216199281348,0.1038879439421666,-11.802983782381581,3.766537340214184,-3.517184044374881,1.4663157173218535,-2.8438653462717927,1.2746358890568195
-5.262642027505827,-0.5078278673456451,1.7570811439457326,-0.6385268912863887,1.2350289350906947,0.9423964641244501,-18.173390364328196,0.29310437799231676,0.7004855835512396,0.6216917993008516,-0.35350668965860793,0.057626803450916975,14.880089201806701,1.6645492153515764,-11.992355898709606,4.07131333762721,-4.63403005031112,1.1903825894158295,-2.9705668629764204,-0.15046938008581656
-4.3632539784082,-0.4906566429743085,-0.2943809456070789,0.8276659263107664,-0.665156721350885,0.8401046261661054,-17.002525479468197,2.7378598337451265,-0.9035388819731163,1.2563379568983042,0.8954322890858815,-1.168275046613144,15.162430666487943,-0.3774084240678224,-11.61726421207029,4.681428963063256,-3.149581316480985,-0.27116270286064803,-0.2177061667543998,-0.6499630919646403
-3.5811257852192364,-0.46513817958494963,-1.3769657767034353,0.13183014470807336,1.5017508744540247,0.5515524579172111,-17.317875163336808,3.1334597197778042,0.05798722562188943,-1.1516996820829213,-1.2868216647536264,0.8392919055110063,14.901028411802784,1.6877898683276236,-12.018411469110564,4.246960218037618,-1.9168515683933307,1.1129230637861747,-0.03929381015732064,-0.7960844601046878
-2.999346030426649,-0.13519498784863132,-0.365660856137772,1.0851659285921038,-1.4755337518070344,0.057270081680971474,-16.2578695426715,2.039026826796601,2.193355355902477,-0.9800651107538365,0.6545605243349164,1.184205742045797,14.67989961487741,0.6155003956871882,-12.13440605673945,6.372569208206204,-3.2952256737727446,-0.596669728870174,-0.25112699311826076,-0.38983668303379515
-1.1765356096244997,1.2579385387061108,1.8066266614785795,0.20651324108709762,1.0134911590629123,0.0045060755137308756,-16.756647764594696,2.4569302541995035,-0.19992734429495562,0.2791594604747946,0.001972646146576801,0.7184521186018358,13.495495410243931,-2.8516667891253746,-14.62260961749161,6.0547420278144175,-3.355325101196671,-0.28016224821755653,-0.4260529268923089,-1.821181656853499
-0.006906456205676648,-1.2739961332892555,-1.8733414956888246,1.0950425355884945,-0.14194835130740502,-0.9214948437848509,-16.578160391654603,2.600816355484958,0.7403117311226867,-1.566898660987685,0.24706881215358087,-1.0752872280604302,13.638677376906289,2.136702535781691,-14.341948456618256,7.502321549662664,-1.4162021609790654,-2.8604630065718095,0.6003238025302214,-1.9309216514606797
0.5256722764246948,0.6810168396783791,2.2679365086266294,1.5271415687716225,0.1820441293516356,-0.263032455190159,-17.108456521508998,1.6029229093629254,-0.5616601913681719,-0.7925429030333677,0.5782144655596627,0.7495316051953138,14.766519523596664,-1.0092100166352114,-14.14004113379533,5.977253375782474,-1.2044206278768228,0.45860963169533797,0.5209230686827676,-0.9537996352980792
-0.30825299706453224,-0.6335358773697013,-1.0304404742798394,1.2064421875604185,0.62000481561312,-1.0458670411249023,-16.08673805560293,-0.3866912943846528,-0.08858599526174345,-2.16976187395215,1.0957680011318804,0.4506324040221237,15.35167267691856,0.2074223457751121,-12.397915206777432,6.778892355252325,-1.099543317946583,-0.31939468604345295,-0.058285269381436966,0.9098536659481429
1.5976971561360502,1.3278688098135434,0.0690969303611593,0.6214209796408037,-0.5385059115287274,-1.0597462285733088,-16.972051822342735,-1.5337100386913503,-1.0918698728278249,-0.9362804874498889,-1.5059899839831379,-0.5740391716107947,17.299823042053212,-0.804406674853678,-11.697267155468424,4.488003125753108,0.5699270564134327,-1.2306901192926507,1.2036415597030312,0.8000114023526819
2.562816106199928,-1.7004709845135215,0.4380290924867997,-1.2065937144310757,1.3231337646792345,0.7418093689212004,-15.71157534148018,-1.9997026511599483,-0.4359207526266468,0.5897928042692553,-0.12372781890165807,-0.18776868963362123,17.50132636394874,-1.7675508699406288,-11.21117696676998,5.396470160476223,0.39968509185094625,-1.0398515003266446,1.4985444125042062,1.489518306304527
3.253593061597764,2.680674661446916,0.9874874806230574,-0.3931256396422348,-2.0272952169783096,-0.9193435306225213,-15.84541861121657,0.24605908424489753,2.493976622251828,-1.0012572652411125,-1.0527853088961365,0.8193150282462511,16.899650354334643,0.4502084818327532,-10.66496064408482,3.522068072864906,-0.13554665830650436,0.5920136979889494,3.8086545152300912,-0.09836823122743293
2.7072090511279447,-0.679644279184816,1.2607724317529994,0.9024500040011815,1.9410766984638141,-2.597183270367096,-16.554227990623012,1.2222316617705515,0.5428930525057418,-0.913947416765672,1.9242885776007017,-0.006833381227648927,16.194984995090493,0.4206772403667296,-11.140537576924034,2.857980177235088,-0.03415982248771224,1.0441971168957842,3.017867437915353,1.549250458597573
2.9991502620772263,0.613733413297343,-1.862276287891194,2.5568593748852813,-3.3428638021171473,0.01665012889100126,-16.08897796650054,0.9992577824603867,1.0366387865059832,-1.4026112972634395,-2.013217925271097,1.1087740017250671,15.456772515159663,-0.46384327681249926,-11.295474685369589,1.750700413542896,-0.053203079387830865,-0.1194262052775652,2.5074631656402193,-0.22741220493256012
2.1715982929326434,0.9467370321818056,-0.18782432997587362,1.7642388456128004,2.1126725582604102,0.1391278938864758,-15.05678062280809,0.7573454026785728,-0.7601105248578744,-0.19101997431859502,1.1143085558247003,-0.19812041717405715,13.838637039569587,2.1610019503410847,-10.834386265460411,2.451980715363174,-0.5956508778546096,-1.0044024619689425,4.007620985666499,-1.8326923070327403
1.3868929997500654,-1.0812126633284618,-0.2776788020515406,1.6619126327553482,1.5679447598445426,-0.3441407353917585,-14.465663123408468,2.4369672023150852,-0.5838095644486293,-0.5437140979942146,-1.297549306913908,0.39838476029675046,14.302680120864395,-1.69596845695451,-10.184788927833534,3.3805663888405753,-2.2375428639372377,-1.2077781479875942,3.2004768244733137,-1.1078568570327783
1.0146915665075422,1.5098742892806,-0.427712114527894,0.4873982095508608,-1.8187096896461457,-1.998582991472186,-12.286000644041687,1.5004134849298831,-0.8318975534343345,0.5972510751473231,1.0630957917947548,0.384350948823623,15.694167652551174,-0.42596103144042097,-9.262443272437903,3.1491030540528797,-2.0429828126262257,-0.2782435186097748,2.812310171810792,0.7967453076814355
1.070444949639659,0.2293144239412988,-1.9377801846733076,0.7174442269808015,0.36414329025750647,-2.6953761643505323,-13.579553441228498,0.3518234556645109,-0.19365827633163757,-0.4828909522553673,1.5829141025681097,1.0604872607754212,17.370710158533374,-0.3195911930543295,-8.034614377795656,1.8339631860052465,-2.2063358083301328,1.1907559599429431,2.8835316187210687,-1.1872069341023195
0.7833744063005114,-0.3332926507455683,-0.34305632326585783,1.4029209134037304,-1.0533752864175558,-2.9589309257532133,-13.727706240081092,0.17218659246378842,1.2755647321279513,0.35531598350039745,-0.4641855372123405,1.0593777736115544,20.07686365548222,-0.15848324529108837,-8.101755100599766,2.051870002264632,-2.807630496589755,-0.4728999726482156,4.54703708872,1.5417610658367897
1.8598811891054634,-0.09492410323107084,-1.0153395371254657,0.9618053407798808,1.2127032778159479,-2.638622882230823,-14.870889896193788,-0.8865663535836938,0.17994587260798747,0.4806999194971032,-1.4388094710395443,-0.5876483219291888,18.802860475170498,1.1991270246301395,-8.797594716159264,3.6452991072906684,-3.821659385632966,1.1465683323425695,5.641788161413588,0.7621154404572797
2.155419741909978,0.8633479080536536,0.5046021985989552,0.27997100587530577,-0.23543770245619033,-1.8435964083124963,-16.356628920746644,-0.4670169702053363,-0.9766322939816816,0.42912651200593643,1.5519960003664672,-1.1451114366702315,20.621752139747958,-0.11293255010058978,-10.103519104619904,3.8695189300889097,-4.071620258206798,-0.33923633218423777,5.889005284792915,-1.6048970798765392
1.882807811584254,-0.18413570825520464,0.7039588516254036,-1.7814140934570308,0.17987054377631229,-1.642872348225021,-15.615794580795102,-1.6909999152712478,-0.5210953269878649,-0.6062463046426647,-0.27275161807548093,1.4584493120906639,21.37332825470684,-1.2730774265757165,-10.699676652135913,4.876370209829978,-6.204954288528745,-1.1455924539082167,5.2452461374998816,0.8997667904010694
2.926670627517966,0.06112001044651334,-0.6529315444463429,-0.4206823540719834,-0.18287137161700673,0.07071395785476464,-16.109531044013828,-0.5847618038326685,-0.7871708333709333,-0.6206501710912946,-1.9760813472112109,0.10985546010808855,21.343882992272224,0.927884380702943,-11.165148482518399,3.766568613985889,-6.709976568870265,1.7208167060711248,5.990346898125009,-0.4401246857577504
2.192927258389857,-0.8372851076587433,-0.23483294297554697,0.5123316869707788,1.196426839511598,-0.018407030628547545,-15.592740532244743,2.600278534506921,-1.3251340939858463,-0.474767712502888,1.3906773752954193,-0.9877553608871799,22.61818616600118,1.795581822899368,-10.795907730321419,4.808755443485499,-5.637752259312261,0.30380269148618977,4.884174518410927,0.7103512841887056
3.773850951915561,-1.0487506888682043,1.3373584293721579,0.008177915838502109,0.13282259152815057,-1.5193856200922964,-14.65592843293776,1.5590128715931404,-0.9130302992125552,1.510157810700612,0.3122385128971812,0.9322258552788418,23.46744509546532,-0.5212491961246446,-9.770791701284361,4.657238713447025,-6.444904236244129,-1.4052348956789484,3.1644066888256344,-1.4061446474792176
3.2049235177705433,0.17993315090831608,-0.25983844710126064,-1.5964907977969078,0.7313259589611594,-0.6567957665088253,-14.651014832143904,0.9666001134461459,0.9884821730728116,0.7187256703502167,0.5087430073437399,0.6032665934938806,23.9765924410478,1.8047031881304036,-9.48007068407255,2.69986778783811,-3.7153583570247948,-0.28512979780098713,3.017932348073124,-0.4444567815498782
3.4665908274135093,0.7966844981465669,-0.35328614151465204,-2.0448816250157407,-0.6042732140189012,-1.1890677867252841,-15.161881078243654,2.445485169436799,1.7260372059151514,1.4377502131186737,1.33088984566897,-0.8015437583453102,24.594449739220853,-0.6888285546391251,-9.973167866286873,2.7308400935339043,-4.453599372200972,-0.1984521562376458,1.7228471301640031,-1.2158653577962224
5.120972009328198,0.6154892334759732,0.23262550922284833,0.4045571801968555,-0.2930782921538057,-1.2220958298229592,-15.750818526997886,1.4046210995064157,0.26940001299279476,0.43607657038721537,0.37130575255917864,2.028123975214957,24.898094464065977,0.3946341452141063,-9.805423211936793,4.469782947704896,-3.7577524925918078,-0.4122313112221776,1.75425669146371,0.8015409890954226
5.219616483360893,-0.8778090644458276,0.01164772782140399,0.18304662714709377,0.24478269336205827,-0.4939727118087271,-14.614062573976852,0.3429548613420823,0.7159960115475347,-1.3629900199971994,0.10024846628125919,-0.7468533902783566,25.455446604647662,-0.902404641805341,-9.428799800485436,6.619095135082517,-2.652203423171187,-0.9313346415894275,0.36238818934988526,-0.1514871905700376
4.959449752611781,-0.19063773235025272,-0.29196784756828,-0.2680479755477877,1.2887252080309297,0.06648194596951085,-14.739270063013779,1.1021801376112013,0.7371391996285992,-1.539768281499442,1.6269200542449465,0.3989577901261791,24.639935800136364,-0.033095640366577306,-9.613444494581044,5.819604924568965,-1.2085405524572332,-0.11956767146175556,1.722094143220094,0.07070294929613809
3.8083855540326494,0.16858383538840765,-0.40459864613875113,0.0841943747232346,-0.317242056521654,0.189138395830481,-12.954050439909,-0.4557867755881073,-0.9370250168294193,-1.2869494989170953,0.12449589651712312,-1.277654437810885,24.490573994182835,-1.4107696474772122,-9.387638362806133,7.348072493385,-0.7683823632519288,-2.340430047225562,2.990987881841377,0.6845630706442316
3.608536197932765,1.562773121754054,-0.19577072793112837,0.43555891425749393,0.7563674817640063,1.3688183852814926,-12.643355604678526,1.171058518266959,0.2331847067291807,0.4909885721358802,-0.054243626505863306,-0.24365526797752318,25.202920229338048,-0.45671481773392086,-10.695763223969871,4.8473204006044535,-0.6862649269637153,3.2527933652727157,3.6053403113149,0.27877107142011304
3.6429004584030547,-0.5910838164866808,-0.0544025046467378,-0.37738214347064547,1.163577400347679,0.25913136102353684,-12.440937066525589,0.8388457196903216,0.26773123892784434,-1.05110053800766,1.0291657906880374,0.22660468457504668,26.031272912274353,-0.7970224483625807,-11.055858827712575,6.690195890680737,-0.4384961444363076,-2.442800993748055,2.9869380552738267,-1.0963000495756676
3.852174598057942,-0.159199515239218,-1.3881572510469422,-1.3589167130472541,0.02143769602050427,0.04778591197432769,-12.433117029474555,0.23134382777662976,1.0263507382148993,0.34997492128386687,-1.8031322846858373,0.6008077578638513,28.117086057062494,0.7891249797589256,-10.808810818476815,7.722392514681138,0.430001550156507,1.2151225355751452,2.8766551945366103,0.16691456414490058
3.9316574454849134,-0.31297296725573714,-1.4160766573771069,0.4046734399752627,-1.2805807863124143,1.645498095301485,-13.024096521119326,0.02064631810874662,-0.767278360506116,0.8589480499242959,0.63808729361545,-0.36293984795510437,27.89940578232171,0.2886895386319517,-11.197684508850742,7.73052495549298,0.5997095173242298,0.3028701499360772,3.633674217320169,-0.7139810840363013
4.287447207901768,0.013840926166498776,-0.25010805460803487,1.024401618459294,0.15808876299599794,2.4641401735871344,-11.91894079399752,0.7865350920647436,1.0352622822195392,1.9107478046650506,-0.08170431771406583,-0.19892574046752903,26.811327165877813,-0.916171499328426,-11.778253926029308,6.845165518629395,-0.5616233674165173,0.5751226724468584,4.25593714083947,0.20927126147921554
3.1658899284426067,-0.21627856782848034,0.4307889977850248,0.464984349850207,0.12002010316165897,1.3555200932876228,-11.76546022059998,0.7149738083688253,-1.1054885500019198,1.2076656882250507,-1.7587052659917286,0.5275553816540963,25.406254239924227,0.7247708756786474,-10.94470082212319,8.149470771354679,-0.7360534844157004,0.3003128652698553,3.928543619183891,-0.7083828627752324
3.6098010992072322,-0.0006783744431458766,-1.8972472774737583,-0.04999062296167647,-1.4673039069209932,1.3016610467969152,-10.812204426235306,-0.49950131528876796,1.0790863584046393,-0.345381937273158,-0.03503143205267112,-1.3428003955982393,25.78363330697594,-1.0220316370570752,-10.891607882489984,7.368839169931758,-1.6035276388171922,-0.7780107077011714,2.634392089184881,-1.4502552506119746
3.7899737049679665,1.638272193583773,0.6879009289055438,0.7966580545645124,-0.25340013175921394,1.5054801834082459,-12.158530887265297,-0.0972567465556971,-0.15203939806833472,-0.9757381150592885,-0.06998908202267459,0.7747173400064207,25.68057305482599,-0.35157717154672385,-11.276814433253946,5.708452631832571,-1.0409631748918045,1.253512074229488,2.1835068803713016,-0.39312352767832837
4.031218449951845,-1.6421820876289868,-1.5019627868959624,0.28787083792618645,-0.5955095058417131,1.420831865786539,-13.645103289666695,0.2160288865124737,-1.133013717332854,-0.6453994266735839,-0.4758009781103378,-0.5503790726849299,24.604477929244005,2.103500621395643,-12.841521314285632,6.578468980329473,-1.3638720981781458,-1.0915435761079242,3.67499788451304,0.09830642493048664
6.266898707096793,2.0751357245349413,0.809444602039212,0.4290869820552279,-0.8923678307214933,-0.0648062827624527,-12.939277151196292,-0.015206688637013521,-1.5621962058472636,-0.23006038289858466,0.6622154230584473,-1.1282534206519599,24.498970151598375,-2.1260316370357666,-11.661080711878972,5.951329444203962,-0.2564429302572273,-0.052748889414667155,3.66103748407594,0.6598536829246425
5.797121045152274,0.2958443998185779,-0.11232568106654396,-0.09165676833387429,0.12130070255348785,1.5936539270551955,-14.271432593592195,-2.107402088765573,0.3701308612798676,-1.1171222115020591,1.3776544884463247,0.34781122876660203,24.90353690249462,2.489050684434398,-11.026674538321842,5.750221121045296,0.21568822763600337,-1.6588219667418025,5.357368912282853,-0.9248216606639562
6.172159921961667,-0.17185890391015057,0.7147179867601251,0.28534741255937285,0.8007760022975108,-0.1421066045983136,-13.673247096364323,-2.1555794616134434,0.28751855008919186,-2.5110176293759943,-1.4679581842908784,0.483279754143586,22.791398016097595,0.22792022045012228,-10.514061181169447,5.941739045936029,-0.4108306720839786,0.0023229954185891577,6.5273422796868825,-1.0090305245269238
5.922436830380504,0.3552746481391351,0.5273728193817556,-0.967140861556568,-0.7034638676983149,-0.7587756330792109,-12.793272295600833,-1.2262149339056716,-0.9010885043722159,-1.8341396066003646,1.0068590243348696,0.981855938976951,22.611571799687997,1.5210390876535593,-10.068873015899026,5.278601114747336,-1.02488530864895,-0.9118228874837772,5.690629936198502,0.06778155031126736
5.873215720244705,1.0370901899519633,-0.8822016757316069,-2.590064167491314,-1.32430942955657,0.9232429769957126,-13.518105019655364,-0.9861661095927023,-1.52800481936598,-0.542087602251494,-0.4126376562102202,-0.11590792189448385,22.46253192759934,-1.5498116938061304,-8.09880456577999,3.8976960642579406,-1.4778643422201498,-1.164030189411867,5.117681185236885,0.7468804265326555
6.514706187309869,0.13727247922965852,-0.3539783759569307,-1.0233942837249197,1.3641233379385642,1.7646213291357653,-15.908060135729547,-0.6596947625656506,-0.654021722917987,-0.7769060563062138,0.3771568748576048,1.4872492769893428,24.119390089697763,0.8847550919489165,-8.205718681734002,4.074500622875197,-0.7386884657347156,-0.2925666458106222,6.599461695376983,-0.7647821279141807
7.454759029784125,-0.8077322976251717,3.488949461158963,-1.3234204081613135,0.5988606524191192,-0.10290893065061923,-17.32550832189413,-1.4803655443413972,0.07715721993012033,-0.019329815835209152,-0.10465678560690422,0.6093345140005028,24.06959942869168,0.8398891303968461,-7.346906277015157,4.765222316066831,-0.9431243952541046,0.25024786037684077,6.914803273930517,-1.2468089580006239
9.678321595880917,-0.23331353365977325,-1.77805976584581,-1.5802207047925652,-0.7386797113650205,0.04667503557668222,-18.66097419051158,-1.2765858483063675,-0.030139887780997347,-1.6354202081286826,-0.8400896066280146,-0.347303626375978,23.05159229814821,-0.1492800437408151,-8.159368772161445,4.055165963303229,-0.4838322706555883,1.3027373302974268,6.528372948539773,-0.964527393107111
9.74191046968113,-0.058085497911927575,0.8051464543275912,-2.51698991179383,0.20960325341026212,0.1714816013404915,-17.999564469377788,-2.2523986086692926,0.9146374785219747,-0.1034415331490336,0.5019454637586969,0.07279959392240261,22.583522290701023,2.051475731086464,-7.345307075757922,1.6397387024432128,-0.7358296724377449,-1.4073649327310669,6.950083689551304,-1.1166832831649485
9.435362626535055,0.9200171988863423,-1.2067736366958681,0.19195371267157868,1.127030086800707,-0.3433284722683828,-18.572172713073076,-1.5591313917916725,-0.8095344321091471,2.4944664647369246,0.39119708062586794,0.12360534880658682,23.741316825477522,-1.3518392901766412,-10.221696873532606,1.2105029881520053,-1.5048638344690763,-0.38508038968745695,7.332303468910153,-0.09229046221424791
9.57860057791053,-0.42914796861776405,0.29043487207391966,0.4512269784671826,0.28565109034354264,0.3449965517222706,-19.04388074389423,-0.8022516260426664,-1.3747619644723899,0.3235392602558531,-0.7470901182701774,1.103319669438821,23.742750631232,1.2896879942571042,-8.85331487732542,2.479569364071602,-1.1275055127151374,1.1842561944084393,4.309040146234009,-0.11040712838536866
9.964691249756388,0.004036717198789147,-0.22706850802759224,1.3744709528583676,0.8138918595180629,-0.37379916456295337,-18.351825557074843,-0.5478766898745087,0.22935130068073198,0.08231279157937112,-0.08390675430076872,0.5863044180368231,24.65008797092509,-3.086015305143916,-6.7899459970493785,0.6968018600245944,0.1823433797295957,-1.3326784333140114,5.52399746623811,-0.48609992131436364
8.58148833937062,2.780490139217077,-0.31159545869688166,1.8123161168343929,-0.5521343721553845,-0.992834481703368,-16.6645583694008,-0.10679255172844943,-0.9574559448391292,-0.15714591202221287,0.4191245207032698,0.11388110787383299,24.136907842710936,1.184538305733024,-5.506461816568237,0.07443423502642799,1.2455888925314846,0.17801742075832655,5.140881250954964,-0.22149829526391177
8.890363052326054,0.5289831717813172,2.5655557946251317,-0.3141715550944836,0.7862284822252366,-0.6146158292860988,-15.977140508910706,2.152665708233497,0.17991544687481706,-0.5913940621539784,0.6981968298669474,0.235373178248532,21.647618643200417,-1.675411468350432,-3.5330750770448005,-0.12000367623087715,-0.9343536951218046,-0.10917629365793576,4.48916436546173,-0.05038728294144697
7.82596463141172,0.6646231670430575,-0.25106351712316366,-1.8653707512096795,-1.267849486119107,-0.2630328972286329,-16.23859762231245,1.6855824611229437,1.0264393506462093,-1.1956051180085816,0.11938390629208157,-0.8134292189106804,21.60915480556393,1.5442807882765226,-4.604736233980997,0.1921021347166158,-1.1609593911250518,1.7306670962964126,3.865021760495902,-0.14970696181612633
9.059080860875266,0.817318956591023,0.018927092993049,0.01750229209729315,-0.8707806261062369,1.6676811752920253,-17.576993871698324,1.074743938737902,0.5353549555560564,-0.135937379447075,-0.006339449048574787,0.19492197968241884,21.04997436642984,-1.1773491453919045,-4.114425556783798,1.184217917335216,-1.9639173813930966,-1.1561533585569954,4.342561172236536,-1.5236144329142072
8.410273257750008,-2.248945029237248,-0.6362561314032995,-0.25505211977330994,-1.1966667056842695,1.1045585681954457,-17.799017799634424,-0.04484456571512807,0.3989235542494394,-0.7795062418277319,0.21316235931903502,-1.3549711828102053,22.007052482589543,-0.28845033999593783,-3.7893046646045905,-0.5875292621451682,-1.6386276270602165,0.39912925448467534,4.656435457118875,1.4420342910979562
8.128465675830203,-0.5830972449605086,0.744638955812563,-1.5739722996904444,-0.813736565699061,1.4871395324059167,-17.501132045644813,1.2511287401587776,0.27052686981964547,-0.9461679389194055,-0.29930810831861066,0.3407272753184638,22.085819591003723,-0.050966009064430134,-5.394082729992586,0.601788059776696,-1.7746760547090932,-0.7274600997761548,5.573906092633001,-2.2187995691422575
9.097442725571476,1.9460824655391993,-1.9797397174581248,-1.159535092308785,1.3177901684237892,0.734494437789723,-19.428005725904164,2.0322951923969184,-2.0467078370560707,0.1575871194417064,0.9083314878626172,-0.7817986678027671,21.332296593544548,0.15943557115052553,-4.870562891353897,1.4785805593394414,-1.5488189212165262,0.24989838731809372,6.343937192741211,0.2908014785498119
10.099010978967998,-0.2332996071425668,-0.45417419574660456,-0.47787789733379094,-3.1814091195366294,0.8401996431180376,-20.556616733316538,2.028317212954698,-0.7921210121562139,-0.01178808276787928,-0.4795809475438374,1.1927037845676212,20.40161184927082,1.0582648829698826,-4.150472754179512,2.035400211454536,-2.3657519897843304,-0.8942565296093192,7.908901088797341,-0.06642582379180995
8.750029388586102,0.14077659818085425,1.454076604963643,-0.30222890100095334,1.9059011922362548,0.9030874965931216,-20.407147971277926,1.5971412592723215,-0.7558800764280887,-0.5228894711723091,-1.205708318868375,-0.4126377372131163,20.315806611247044,-0.2249705241755926,-4.657416597876178,0.8792516676682258,-2.539818598304919,-0.42936843134114566,7.130327871884233,0.4730226041807028
8.287739462761765,-1.7040489892423043,1.2240768472918453,-0.4682972089469235,-0.08496829710990417,1.1888864978292821,-19.632977819571952,0.3443423548092377,0.4434738051317245,-0.03601034187220137,0.408979465505985,0.4937963975541124,19.188839938175715,0.8712065152702565,-4.976198170495806,2.447472202846802,-1.8185816736546867,-1.5703679662584462,7.039274343322495,-0.15408474994783594
9.701086627519595,1.550279996519222,0.5624458647785191,0.09024866565094403,-0.936468199257356,1.7269532242023828,-19.624283221402568,-0.8457284386602733,-0.6607508578186039,-0.2001851095660236,-3.2886031539809033,-0.9577112934797182,19.318910115214305,-1.1277842652215342,-3.8488996005833265,-0.3617947251667859,-2.224950810486995,1.9502787176669778,8.88703819073557,-1.1057136523114581
9.968940339171668,-0.8791230955281659,-1.5866837818887516,1.0515967186687458,0.28537572305037345,0.714220011935677,-19.57494558105497,0.9155913503563883,-0.51714725060101,0.5805372605818245,2.897304790270572,-0.13079986824231066,18.032814823736818,0.8989681985091873,-4.715145460021267,1.102945078544452,-0.46310751360677394,-0.42288710366354243,8.043123924904245,-0.6258142090650958
10.224414322249284,-3.2606307208957657,1.1692482284449461,2.378660253208176,-0.43443119040421196,0.6922100811013139,-20.70669783597878,1.4139226108392318,-1.6697454713644408,0.1044978593251327,-2.3676292757469355,0.021101412545637743,18.456151037961476,-1.3631647191959435,-5.339707866827306,-0.9673519014344176,-1.1659608268702812,-0.15252979180066284,8.242960219645713,-0.8991721060537778
9.126951727178618,0.97707600411087,-0.3304863900729764,0.9582441660640026,0.6729177581168648,-0.5071309842081717,-22.666137562243435,2.4036433510090554,1.3603696260982772,0.4667480822888972,0.4103512773724096,0.21335059226208944,17.733409834773553,1.0211603309758952,-5.296955493028754,-1.781305300912365,-0.8665202390603874,0.406116306471628,7.136470925312392,0.7768372953661231
9.285283200290108,-1.7121818337749288,-2.6295841355902585,0.07762427544649614,-2.2056759485086745,1.676758994619085,-21.937910588997035,1.8545564229672193,0.6787651727398738,0.19643470309379857,1.2522994865548713,-0.18418181468515443,16.605594964187592,-0.3117367540146902,-5.156026787752128,-3.3895860691160102,0.6881909467860647,0.7973333596025748,7.952239730997317,-0.40095332747042123
8.889296108338742,-0.6760250197690979,0.36176394998154404,-0.2664133873197629,1.324526699288172,0.6394604721217518,-22.955669841496405,1.0087382690405509,-0.9915203503568029,0.18071963998829318,-0.8320871048224079,-0.6726666509186062,16.573800060332083,-1.2289858014862598,-5.140081436176271,-1.941027364822321,0.8413554707880715,-0.48173690566034527,9.004896363188504,0.42980326743960817
9.824869111070916,0.16541264556716528,-0.8707722483762256,-0.5275380747829664,-1.3269517473322905,0.8348079944439898,-23.31514101165362,1.3310272777012602,-1.503893568556542,0.22619674408080337,-0.35143867060965195,0.922574300730802,16.715736772314138,-0.34725255526865895,-6.23833225009677,-2.43904370117695,0.7461195513685286,-1.261922856722229,8.926526999077783,0.32819031084948846
9.02831350607957,1.280861056964575,0.41630775615459614,1.2553414567235015,1.5223865531318048,-0.7784534547224994,-24.109163552730312,-0.1592047923095774,0.42190071449830713,-1.387657690304036,0.16791424618185233,-0.612246349531508,17.541455005890306,1.2252409666645883,-5.1638204493082105,-3.380857983524717,3.1943281226592086,-0.6961491312213419,9.650190955749418,-0.9429037035123351
9.157992873751855,0.012707865121695305,0.6583440059842072,0.5416231730455144,-1.4878757519119103,-0.17801738570651526,-22.101332229614712,-0.9349881840310441,0.7130698735156314,-0.34473255602111064,-0.10142639669540073,-0.5296853970171426,18.4444541970723,-0.03771832103709938,-5.546181549510226,-3.0623522944534605,3.342651635643192,-1.5020513422934756,10.248335661875224,0.7967573625889252
10.098058848817171,0.38853997616012154,0.13547072341715632,0.0850251093008157,0.822683627939658,-0.07167243667240414,-22.22364967941784,0.7023573087922891,-0.4653851493485387,-0.3378276711964048,1.2064360306720052,1.7429841226658174,18.99083100475441,1.5615502965579144,-7.763346513278302,-2.717838106823323,6.673852316074612,1.132824155636226,11.555965980114436,1.2772849718531338
11.163725181602125,0.8372289415634018,-1.1125201926860016,-0.7458242483023757,0.7637412924837668,1.5073799600172182,-20.754703612979448,0.8861071346014853,-0.7693607164444266,1.1961337769107352,-0.35133300532055645,-0.5410803062679964,20.18978979834555,-0.11905500823045834,-8.81904078308768,-2.893743576990623,4.984222289132206,-2.3049509227412206,12.57314002734419,1.3908967375053733
11.068693146015734,-1.657096188942231,-0.30532521255402517,-0.6090345004470835,-0.7967003062013591,-0.6017101911072046,-21.89014487054724,1.7660390907953547,-0.2663530672376912,0.8449838756889323,0.5338455467485443,-0.06517447381959357,20.381185360545093,-0.34011068646523634,-8.474263089273762,-4.0617880211430535,3.6428374589704404,0.46123247179011795,12.04996916061848,-0.12296799618266038
11.233025281226478,1.1297454723710207,-0.26888281229975663,0.4036195842702344,-0.4462393099043078,0.6036278420675343,-22.046557189992058,1.3782756406086654,-0.11900708565500742,-0.013565793159302675,-0.1588836090770958,-0.012292737414715493,20.184613815739624,-0.015254419290193999,-9.049164417808047,-3.437255807448637,2.1605939392717883,0.0882109889277195,11.592427379449378,1.924769687928844
10.665182575273235,1.1537291954891766,0.6740480022231163,0.3610436829251914,1.6541229611717199,0.4497167283725342,-21.538548965894336,1.6126264952326457,0.0025170936052224206,2.5871250824334258,1.4564768605203822,0.6487112945860176,20.043640989719805,0.9308057223192674,-8.6788954573145,-4.628224281851818,1.5470346839388727,0.5886876050600119,12.24422503790952,-0.10379746152733216
10.935086449659256,0.0433188826203908,-0.5454911977536538,1.7532612746464864,-0.398001037917037,-0.19856775678527833,-21.471437887081372,-0.42070700787603843,0.6954935209712808,0.942120566958357,-0.03494280680530415,1.331151386501659,19.473658576773268,0.021398184848289037,-8.617117650763793,-4.587921476500607,1.4046494211829315,-3.240258614083166,11.032966514318364,0.13220073607700222
9.172042958879542,0.8934667731599503,1.014886777355504,-0.5494875545659861,1.447931557941177,0.7387953035918858,-19.21077190520156,-0.19730851935581617,0.9688978953586669,1.6541693822999874,1.0019928586025781,-0.5673757314707076,19.477386408053473,-0.05777391071845629,-8.998340686473073,-5.821706623243574,2.4391605989737863,1.7389055600782486,10.738140249499473,-0.942028779353849
10.181568651686328,0.11893438417521213,1.0776389211468027,0.3527629551320782,-1.6098399633273828,0.6118715716684389,-20.230374629535916,-0.17225070361657646,-1.4785605452738548,1.2446627839897944,-0.8854266009807784,0.6771144808454299,18.05163760210327,1.2654423503327576,-8.530163061741549,-4.773026118689719,1.5899132770254922,0.4719905312503959,11.288682654556197,0.05713909152269517
9.813149719470948,0.36761362869709835,0.7795659341893597,0.24499925943771367,-0.1849454401692282,1.7951202358287008,-19.95866536721286,0.9234559807900582,-2.870575739112706,0.5862272336089933,-0.20260441114200867,0.16450968177489478,18.140551098190787,-0.4692717336643949,-7.013058400585918,-5.164962734604102,0.19302338595521862,-1.2634349001882421,9.933007335813887,0.426089670561439
10.628512584735464,-0.4455696333050385,-0.9682916298327822,0.5407779145191052,0.607651726511832,2.385963632407826,-19.867817764033607,2.105198319872449,-1.4800004145433816,-0.25843021809352335,-0.9890109980258948,-1.0067103220579925,17.280221147150833,0.050970567265743144,-7.342307830385222,-5.641639234797866,-0.566008055315566,1.0978771335316064,7.743396106753041,-0.11335166199224302
11.80107920814382,-0.0548188484088791,-0.6560162581035234,-2.0387970694098767,1.4680495187696467,0.19804350556956396,-21.391825966961964,1.483922546828355,-1.268745725229877,0.9449539899426792,1.0958937629962995,0.4472486146732129,17.692544079785627,0.4877415582139677,-7.56362216105096,-6.083795714477628,0.5031066409610949,-1.7469430046312384,9.263985130241045,0.9729586364891772
12.410627540116144,0.24429704415942163,0.6304998050762864,-1.8938948849724633,0.02689214754266711,1.163513700965208,-22.224282802987705,1.5575612270651629,-0.8862902278177344,0.9358170256529149,-0.8053007422353098,-0.35359185260864145,17.112010084873543,-1.0116718183212752,-5.939563016171631,-6.687965926578368,-0.07127433266975836,1.1049187427080296,9.034907032614413,0.8465388320321365
12.058018353886157,-0.8057995126267936,0.2371519314255939,-1.457714125444023,-1.0631967127129625,-0.7353234178715741,-22.773287094226887,1.277259058096049,-0.2298522763663943,1.3178400885355277,-1.0102567431070053,-0.1957046365279493,17.548131108657547,1.357585702388854,-6.058797289816097,-5.307955634837662,0.02060953788113251,-3.2097822626126744,8.75756887470163,0.31220815199183255
12.562181485737499,-0.768742915248201,-1.5893459229479863,-1.5386491457706737,-1.5654757001103632,1.1650469580949534,-20.67912144959289,0.008303532791085089,-0.4937325846303321,1.2779586614162888,1.4853075357574994,-1.4760818716472153,18.317822400735768,-1.0061347127336742,-7.657771044642877,-4.539655754380973,1.8855818977832999,1.8154210306673895,9.786049548292464,-0.4720499889652519
11.639582713896047,1.6572422963185098,1.2347714521051976,-1.576478401722427,-0.026847455575848556,1.1577498910172042,-21.154063074348553,0.7210306488014365,-0.7031298118627831,1.7988510164279383,-1.3890639550968635,-1.164999098915564,19.17944941343055,0.5125872536948239,-6.116195863203961,-5.003518727914518,2.886029475946904,-0.7899822572262214,10.812687623515885,0.3328683195626159
10.016508552064908,-1.6922239528715004,-0.16422514953698453,-0.7916420454883449,-1.143497170313634,0.07248578288813834,-20.96574487865071,-0.5086913686712324,-0.8242605524522149,1.9846842370409443,1.7866584500538711,-0.017180924664926767,17.901488546600763,0.49637626181501543,-7.7252071982578645,-6.4927245919182806,1.9069554287034745,1.3758529405816489,10.301850794881714,0.35371188252972846
9.954547867667959,0.6511774442372867,-0.1299551065981385,-1.0749943031725608,-0.06439059750623233,-0.4432060073666854,-22.91475585229158,-1.1915974437525891,-0.12351325142643246,-0.21606326175156598,-1.259262410039757,-1.1415446821421988,19.415368944401592,-0.4075362628254987,-8.655908986952873,-7.651048433932699,2.594494181606128,-1.8643051342477799,10.209611635291562,0.4556036580315082
10.742479567241432,-0.7879707329751484,-0.6402479127711649,-0.8540628966036277,-0.9911011994569392,-1.8488819859520027,-23.51418005696114,-1.7706478133063455,1.0804662354588332,0.2670075772204732,-0.7274184445688682,-0.9348891640317754,19.327637859287233,0.2554253721318099,-7.532255861624039,-7.9316979874353555,3.006637974844813,0.31568190200970037,10.97974224205041,0.9158937922875782
11.305925913037937,-0.01886987748445651,-2.1327068709256602,-2.086467812438043,-0.057530256560262005,-0.6984614708383924,-23.656583133170713,-1.6614700557695992,1.3297976809466845,0.8585256759350434,0.612509576630731,-0.7816558649715908,19.25147373580854,-0.42711951903289685,-8.714490159050682,-6.507438156363855,2.6367399990350084,0.6361088566942298,10.749949495824472,1.7834171390347582
11.898323405889458,2.5751422529133823,-0.24131561171373112,-0.2406861088218647,-0.9121190996097788,0.8282355898619629,-21.77526701034195,-0.47242366062625496,-0.6612981238650799,2.1268823071566896,0.21466577431564143,0.47556451242204195,19.51325979826729,0.179905899943199,-8.903754474697896,-5.3362259018510585,3.7191907862441242,0.5923197860011152,12.362107884693799,-0.06536695351857161
11.166541907694505,-0.01045900510584985,1.2460191747608869,-1.0864517895806993,0.712198450442219,1.4847446699622129,-21.407191242772868,-2.162344077700829,0.8278952561336601,-0.08487443293633812,1.2592443475163102,0.33107027626469565,18.549133478632648,0.5219725245693372,-8.728498666654145,-5.8034846852293835,3.365276047227004,0.3040293646209108,11.866646619694981,0.2127737353652659
8.812396641997367,2.295296589377566,-1.4409898686298157,-0.6701283358440605,-1.2678164580118074,0.8728464725479158,-21.10689961098758,-0.9506182820285075,0.6388068963737953,-0.95061123530193,0.9329589519722585,1.4020868043104957,18.254296196421482,-0.053450180331392455,-8.505255917048427,-4.506838162890948,3.1860519021980642,0.39389617128625554,11.094632737023836,-0.06941317999040322
11.920426626622902,0.051624458122124905,1.1430978578385502,0.777232385386192,0.5267673403728415,1.1623396645901511,-21.551871284234103,-2.0237045899758916,0.14794234441289578,-0.6020720265901869,0.49650700026420125,-0.5215556006421977,17.514919406297377,0.05488229945487474,-7.865442425931042,-1.712552948866664,3.772971768937663,-0.8642188854492956,11.705180217372567,0.08364590565566593
11.039540160591747,0.18072626014802073,1.2795614506421265,-0.053296006998726386,-0.21406080175387115,-0.0980242109114603,-21.907096000113985,-2.5373322424183335,0.5057486040916701,0.871167038522709,0.22391244703497296,0.1490043774278691,18.2226362330071,0.09777611807147993,-8.905446887249644,-0.09796513182082056,2.3334948663422397,-0.664075932325205,11.41072124464946,-0.47389740056503643
11.915418791378741,1.5453833202498835,-1.335530958245871,-0.38284323422540745,0.30420187987307257,0.3032946254168648,-21.57260302537297,-2.325968357627323,-0.6095790684302387,0.3185306462634966,0.1872915544767942,0.631100731988514,20.38391960936372,-0.8117748016593663,-8.226391617924554,-0.0955435815381643,2.5032563354962045,-1.9279643164169966,11.42688516445732,-1.192121092213385
12.473482803541833,-0.6003012816641605,0.8780868956195216,-2.727047455439664,0.7146689256423843,1.2398694664095526,-20.84899208607275,-0.992315907092244,-0.6305504668020564,-1.5473363114422112,-1.1803825718674885,-0.925901394514467,18.99561466262755,1.8642454797485826,-9.287837287603104,0.7959258753949432,0.10584232396954452,-0.7138743237082912,11.02536433263372,0.6299740626356027
12.07802187773991,-0.5045810008773327,1.32428385829167,1.077992570343535,-0.8135008741234409,1.2227232762323963,-21.48053645312404,-1.0467697971912902,-0.010791566438167352,-1.3998041484125756,-0.5766039741542627,0.8961352060334355,17.553883491072696,-0.7099549088909287,-9.471992526156201,1.1212769845252253,0.8335477419088017,1.449807100235098,12.03904826364441,0.07822511164078824
11.03681901954191,-0.7903401986467398,-0.424980938596969,1.349060732044928,0.74543332956548,1.3817666203527816,-20.28277224431859,1.0705904160009996,-0.574131008966451,1.513133400681367,1.1934141917135448,-0.3945092737622972,16.828304843067826,-0.6997658961873975,-10.442113565292544,1.9694552521804853,-0.5281131855554749,-1.8672329085942887,11.210191832795148,-1.0719762043658005
10.388355179603158,0.09736853391374056,-1.1790938598498395,2.1321167580884883,-0.46333785591925003,2.9730542344064697,-20.176601703725968,1.5366016066385437,-0.16192593816066925,-0.19786115030340212,0.8937025008521251,0.26171024798460996,17.348094615057185,0.19853107505144907,-11.346086923965947,3.5197386315729435,-1.2660738824452245,-0.6353006837522184,10.481935978383857,-0.8833709732439626
9.666159295928285,0.5093960308927126,-0.6469377539814497,1.9397322369309924,0.8182714739977799,3.2159043929534645,-20.360020485128917,0.01953518725028469,-0.7567540203565823,0.5663764304435716,-0.4752291659606749,-0.7610506952754132,15.70467967324369,-0.15050862566622641,-11.682917442578484,2.5210263901701495,-1.8271148516333846,-0.5732260743883814,10.858773777218163,-1.1317515161923521
8.20578841633961,-0.44091147051042157,-1.5701663013136749,0.6417498032272169,0.17911046595531555,2.490131287113717,-21.198227556198965,1.571778038614022,0.35756822511580555,-0.6567692985787905,-1.13007651003572,0.9464967388320522,15.409852423378616,1.6128166275693323,-12.467393983751945,1.744313612867836,-2.294724295653397,1.362645662900794,11.4338369612867,-0.6939728385586674
8.559689393090782,0.9717185044782154,-1.5853576159438885,1.4769004776069594,-1.2465150383969996,-0.6816596282204255,-22.085041448221332,1.5977720277878245,0.3356515777886658,0.6021246390176496,1.2071812932381856,1.0951764081660844,15.043939033675136,-1.9491776686168576,-12.685314112067534,2.4182405668968774,-3.0166451985480376,-0.6211751386807927,11.043075333368225,-2.0776535766007713
7.488903888986042,-2.3285453104880576,1.3094990535774929,2.8403870714745922,0.44886963720423945,0.16280836408303767,-24.39785286747089,2.2899466195061633,0.7342126142999381,-1.2192946724068903,0.7843731153956699,-0.7684736689353387,16.76653317663667,0.055278719289719724,-13.220374640555514,1.6733859635623978,-3.4392825429881233,-0.6811878421034934,12.460834243923138,-1.1072514729274627
9.343090966632698,0.2417033292563563,-0.07044929240037329,2.0863121561649534,-0.03558958742321355,0.46177154612352594,-22.798793164337336,2.0342375138313047,0.7819384417881267,-1.1957095003537985,-0.3026894245200564,0.7599596457663613,14.824064697085923,-0.3759275581190212,-12.916792995356614,2.761784212227192,-1.8982276806732643,-1.4371816323417788,13.20963338159913,0.0940080262355768
8.575486553648384,1.5755137897443503,-1.41208387650609,0.6490587434238277,-1.2427640248871967,-0.3552882595675496,-22.719346142369,1.5264574481363666,-0.4080030834489202,0.34908941590971365,1.2892319536783567,-0.8330382735411217,15.677682484057625,-2.008675223388236,-12.874550129549723,2.8322663995444155,-0.8317220848387683,0.24097162944405504,14.001554125598602,1.3638468359317624
9.319036904734439,0.6552133015747758,-0.7645550348382719,0.9031752320869723,1.4694310794777348,0.29421884753218597,-22.7527725725619,0.33029755481317435,-0.5451425312541281,-1.1710532332894608,-0.37133123834560083,0.5569364511891175,14.666433487778015,1.3827578072797768,-13.251101978779158,3.656203872758704,-0.2490085058656879,0.11428467860908105,12.57290218308232,0.5605083041971947
10.389213796574815,0.3438023289453416,-1.1296875841745169,1.3271387836097275,-1.6236439520360588,0.37829627492197093,-21.656379631207088,0.8373506778186706,-1.7203688128097299,-2.304907573828676,0.6925364917664514,1.2169400170197897,14.364329739581505,1.3300523267061433,-11.889432419553147,5.2129921740656044,1.813976233347065,-1.1217081410880105,12.650511066684327,-1.3891847046299233
10.299054762881022,-0.2959531545093441,0.8158774664452969,0.5456476298702883,-0.4548461377021761,-1.1068289645474398,-21.857282351989966,0.6355958044431986,0.08842535468577992,-1.3573463009496294,-0.10222243955980528,-1.8042316559470961,13.977332452107774,-0.5342979117289837,-14.458301147441592,4.695005199118934,2.7850022611129077,0.1858620665190927,12.616027980248894,0.7593210565039165
8.272323812237666,-0.5778074754984304,-0.9857780513482648,1.1712397202812248,-0.5452896040487178,-1.4192965094285868,-20.124079951212824,0.6085599509765256,-0.8432700148390608,-0.08575377375262239,0.7104108818635955,1.523643158403831,14.348392627364053,0.004646135989166522,-13.9916196237959,4.177634569306306,2.3330014862571495,0.963706865689687,12.652692483397667,0.8158319787162194
8.2906212947895,2.5452699236253125,-0.3988351221786415,0.04121290046755077,1.0098528792088752,0.22045770900885286,-20.218890831009098,0.8923592205989885,-0.6480455264472489,-0.46950742912150434,2.1476266102790413,0.45455874737097246,14.691479619105564,-0.27568348579566526,-16.20277476463819,6.174282156239846,2.2616886106219196,-2.899617973776941,12.511254744109976,-0.6865839392677813
7.412245599915172,-1.551662196629011,0.13668721797531072,-0.6835652761051524,-1.7817624585125178,-0.5804094740180947,-17.961533565633374,-0.616133535482941,-0.07509034211480553,-0.2845081245835033,0.6977732947183545,0.14976223577509953,14.053097226280292,-0.8339918771734363,-15.581903913301273,5.8996079167954205,1.6744824168956534,0.9426669518934516,13.363567816884231,0.31724543877185546
8.043976611564222,0.9639300358671795,-0.6027533004988769,-1.0220314527794085,0.7005952781607544,-0.1788339546356556,-18.41648971306538,0.4433988712308134,1.6698079292114694,-0.7096652122828176,0.07329875822411575,1.2332599917598968,14.229287301191182,1.0406794554513021,-16.021784762159964,7.36652989234576,0.39996533231543685,-1.3729684513684526,13.505247295929106,0.2510404188242142
8.934436952130135,-0.9651166333788377,-1.5931231177888203,-1.3684205022788474,-2.2896061756393062,-0.9275247809963407,-18.309572054284097,1.711967809956013,0.021192983488802553,0.2868932445007183,0.12456660890735746,1.0338759375130822,14.641944847751306,0.7987818503590055,-15.435767300015792,6.012090272257047,2.26969871675504,1.6942500914801961,13.472313687934678,0.21951698580058723
10.284285460121826,0.5946546314964417,0.2773197673290618,0.23197227250783026,0.928371805190318,-1.335223462864724,-18.492724298883417,0.3681519469885699,0.2532974161678743,-0.39246656667646396,-0.8850780366821408,1.914703725855027,14.809208304790054,-1.3422128844125139,-15.418324201394702,6.162499844937934,2.1995764026895177,-1.0912283693495888,13.219557382928384,-0.9229920246340375
9.396992296388994,-0.3887704394664362,-1.7218279233819087,-0.9696723591496091,1.629560938325871,-0.5052534686691794,-19.435695725452966,-0.8378799685569931,0.3217480111270472,-0.00934358405934424,0.2593069390054039,1.0198599348107074,14.756649406802643,-0.6997543467541607,-15.923709953330297,5.974890829947143,0.7833186872003675,-0.280159003382183,12.341910637939835,1.575299522716879
11.255485046418986,0.6864326757434677,-0.11544196271810275,-2.317429820517506,-0.14969040682382406,0.8928890728121885,-19.17104148873776,0.3683833988938079,-0.45646941159034193,-1.046585112394609,0.8065096569956396,0.3983215536057721,15.075201346243153,-0.2527546280958625,-14.998551844533882,6.213002100332965,-0.8423836838659509,1.5699791544430186,12.149483468507096,-0.185465555736952
10.71177578594622,1.2565945862190708,0.5331185302128335,-1.4759510660818922,2.3449955586398312,0.13507524664277115,-19.251629169073095,0.1932988421767188,1.8593228835254754,-1.4197582667700706,1.448814565680518,-1.0157875418773648,17.183409837406536,0.5659674860315238,-15.191957917051806,5.861057318462994,0.9349897639962628,-0.28863978112598926,9.738016808725517,-1.228630302831272
9.877631544340469,0.46031375540615727,1.447992446990077,-1.1618122164895777,-1.7889488612615145,0.514577612488919,-19.7438196721705,-0.11734106440072506,0.0007852310388625772,1.9793195978188218,0.6654205758636585,-0.11106934144597258,18.43850885138312,0.051277833106754156,-16.705954580376506,7.018376608237335,1.1601462853762996,1.9120087122883254,10.281383726584838,2.3804377945026234
10.227019884944395,0.26790346406637977,1.1547896430301932,-1.9707778568735912,0.07248244368632195,0.1935391341593996,-19.20796595408641,-0.45649182528414345,1.1979915724471175,1.0449231912731953,1.081968333057143,0.7602505694808057,18.913179501469752,1.2305107335171963,-15.476899384896365,6.305690248872371,0.6884313138694491,-0.2829936952622729,13.233738312985153,1.2544464692687551
10.13266108317092,1.0527928506678166,1.3178302091421266,0.7489781860049538,0.6742160739925905,0.6730065259360338,-21.59483090400922,-0.7414123099414867,-0.5364593178624072,0.020318633264685804,-2.8255615381024684,-0.753409549187491,19.49971603836783,-1.5296741597022285,-15.270307725294437,6.168170280291088,0.6691543945363118,0.5280066806530374,13.01869577942188,-0.003884492267274775
9.984621935876644,-2.919063859129642,-0.5940204711434094,0.8363644127313001,-1.7669210824322827,-0.578488306234425,-20.74450815607572,-0.09584306416167532,0.04042616097797294,-0.14564817810158584,2.381750631135626,-0.8267448088067936,18.13636375765871,-0.20501383935980733,-14.753349748864423,5.466199005967144,0.6973680569105642,0.922357097267867,12.878514343977708,-0.910493254248936
10.368004779748267,1.3852700054267286,-0.19172003728109685,-0.27852214336710396,0.7397885530927173,-1.4072338424074822,-21.159863422961596,-1.2511753103259293,-1.324528437835333,-1.2822882112684686,-1.3456112145260113,-0.6509839798558081,15.832866290502926,0.0582868822973151,-13.886692175758427,5.976023383205011,1.5729589100725998,-1.0846763019798984,12.692775914926644,-0.035415058508142125
11.125062072678233,-2.1968744365536867,0.1312063336551243,-0.9637250373933135,-1.227256773226629,0.4457818366893638,-21.079921810977044,-0.7768210430017591,-0.6900897634600084,0.39173265199268315,1.0467381177540411,-0.5829291138971949,16.681241868005028,-1.0307231593955457,-14.506225013139817,4.544708759547168,1.5230622419590072,1.2260717673703385,11.50414844108796,0.5395355465731146
11.795051652199993,1.423529647966305,0.9030666104120018,-0.4246832489954554,0.44779119186572114,0.616683569723449,-22.26724373375004,-1.6626439730539648,0.016201672795470995,1.5632515322743683,-0.2676343647729817,-0.2967223239672082,14.787962839196942,1.8482449220028037,-13.056517872086133,3.838381343571081,1.6198237980753283,-1.309122975240279,11.204711613913613,-1.1570474070640062
12.819446930774108,-0.3806330902743888,-0.6787917507631348,-0.4048650741334937,-0.5511804467450636,1.2297126653272448,-22.465067212072142,-0.9020917730601538,0.20146379622761762,1.5207833864741662,-1.3496143883507603,0.6155364665282245,16.373372098298372,-2.202113588069514,-13.725477644290379,4.612222161859999,2.1429845473056632,0.4236774525192254,11.980541697713749,0.5785607321283219
12.276873196094913,0.6687817897761749,1.30909648568128,0.42629732358717787,0.8508287504636249,0.7150256045971946,-22.12972371231195,0.058547945865811246,0.027277680725335963,1.1771804177782808,2.5617729160931217,1.29747930413973,17.124533835022742,1.665244944917163,-12.584701930392217,4.298179318797769,3.5279373322940466,1.6758440141639792,11.463340679170527,-0.24567857507394072
12.321509296180054,0.11391807606378865,-1.5667861083362253,0.9341740160050159,0.047382617140155014,1.861298071230935,-21.200155591586455,0.056019289885827106,0.14230187007363226,1.3469122526997561,-1.0679713205858021,-0.38247510212917857,17.401023217312478,1.1262371149987431,-12.028703604118185,3.1105825669545,3.234119716403226,-0.7825096500122454,10.585312543425593,-0.7399927049716479
11.820654799837115,-0.5807611776115321,-0.5952562688164247,1.0805189915551392,1.1207838034453506,-0.3572680586501076,-20.959285443380587,-0.6432470551688031,-0.7470600891344508,-0.6228019497783412,1.5980904565015293,-0.11081249630038961,15.919589643245885,-0.9591996329563319,-12.878495170161125,3.6352026811952793,3.6568987117770906,-0.08123288040423893,9.367744356292532,0.850029353542173
12.29826998222651,-0.3202778885192611,-0.24169619384943886,0.36461868973182215,0.46034084972977896,1.5180185525500904,-20.29029883701527,-0.837897412327065,0.6303185843110587,-0.6680142191632967,-1.0428377742887978,1.2946188807430599,16.269328272122788,0.9692202771045988,-13.669271014752319,3.6739194401908866,3.7487792581497836,-0.007714506141252811,9.354247344558885,-0.04104470069872189
13.40028875568887,-0.19784479528979326,1.3980974952128544,-0.12692663369102095,-2.504286550726469,-0.24294366976912563,-21.020871976459002,1.4647901692217853,0.514256305710006,-2.697430171883434,0.5001889868598289,-0.059867161847951156,16.237776412498228,0.5835680345479413,-13.312886721324922,3.2908191740112525,5.0261490584713595,0.3873799675179367,9.23513608453382,0.6664347945123986
13.88189383959765,0.16476667030039405,-0.6192403637244267,-1.2904378570544601,1.8501833830024195,-0.22020090504690676,-21.502568742735924,-1.0933987852597613,2.196210475081488,-3.270165887788467,-0.70564643815241,0.43123202104797737,16.705568977298224,-0.7076069789766051,-13.923990685952774,3.4916610852246737,6.193922653435052,-0.21091082913193035,9.363613107908828,-0.49303171143519076
13.830592321663593,-0.5217825468245118,-0.6652364712594441,-2.19912010822457,-1.1836283503641967,-0.06255287194685631,-23.219806774853527,-0.6828531164255827,0.028371185728485432,-1.8381455964755755,3.0228055065137283,-0.9893295777676363,16.234101567997225,0.9431923252679093,-12.484350196561838,3.889696948342261,5.1073729208767595,0.6179734247616588,10.348079175019048,-0.022583575941107006
12.950382046007675,2.617363780432116,-0.15513547986221737,-2.7772867229622653,0.1295209785222764,0.2314705646215459,-22.56464338978715,-0.7016635412651588,-0.34378113038055924,-0.9101699827089536,-1.1219605161463329,-0.64325359672965,15.068064359735098,-0.7452251610199436,-12.749442034691643,3.2553089133331605,4.556381807598847,-1.4391288569341105,10.794086919928239,-1.250794148645701
13.790318356668031,-0.5248151110729512,1.93391864947497,-0.45697308679558835,-0.2795056693324395,-0.669909521020768,-21.44895677946933,0.6991141905701497,0.5253431845985345,-0.8097705969577491,0.07912052192937519,1.6891326066059573,14.505641692902971,0.06316082611493146,-14.321537760138545,4.494019895123088,3.772079427281975,0.9591596467027708,10.34066173414686,-1.601208723941795
13.22355500299309,-0.1822539130536323,-1.2660674835429582,1.7243355821443274,0.4481380664968584,0.3417819894754236,-21.9999164896959,2.5003406902156424,-0.28117825091050413,-1.7734983435148095,0.10567847480477316,-0.5728832574288159,15.587060158313234,-0.11559614838922827,-13.647028369037445,4.948426934412856,2.4005564686775376,0.9651546402437623,11.971592730154384,0.9388092899577909
13.380088681594605,1.3286076606430335,2.5124560997155143,0.3341123819871864,-1.0523513393402648,0.6875971463657694,-20.9658187057321,0.29971046941947277,-0.17466118396620456,1.1673336832987595,0.90187409746027,0.018311111135301678,15.465546145270112,0.5667680215105084,-13.595600785216732,5.426434635396005,3.039417499706903,-0.749349689639953,11.350064087822183,0.06227991874117726
12.294981609695986,0.856168524692698,1.1779239792454856,0.5968369708964326,2.8363957366219927,0.6503897238245963,-21.903412217559726,0.48670537549091897,0.5942610431313465,0.3941508087440866,-0.335888237699965,-0.01680308830312727,16.747698893814547,-0.08523390804814743,-11.828954427694839,3.7951282543491436,3.7049827469241303,-1.9772033260614017,12.460610270497165,0.8037555760218228
12.125164731242368,-0.38290461206370363,0.4075835463104335,-0.0529020875560785,-3.6635775457728506,-1.0008143328879449,-20.97489857347035,1.5390014878124727,0.5638285292229984,0.0424801365259338,1.1247573082545217,-2.0643686161686805,17.064548156401518,-0.4805471429766631,-11.225569629329687,3.7062253363326443,2.803489375759508,2.327555064731798,13.67613901274046,-0.4532628727687131
11.221995637408797,0.3830285128180742,-0.8395866717429882,-0.9433041657298875,2.5772970388113396,-0.6769070422527136,-22.093158788659885,1.7072239481010514,0.8714610805021691,0.0215993684992839,0.9211020819002627,0.8442669558895589,16.68358492294464,-0.33556292472569943,-9.937234925679679,3.8361584896371523,1.8200766223999572,-0.5595679914905249,14.633266611220968,-0.7714773629352193
8.740529848550741,-1.0626355756314523,-0.7728986390607144,-0.5029563117708722,-2.477471196168379,-0.7711457957519654,-21.830004511169086,0.08180570594243308,-0.41728572521433793,-1.1446879607671674,0.3466641945355883,-1.7507577436235482,16.19906077983747,-0.7931969565832697,-10.571146333614989,3.2314957752752607,0.20583387069267034,0.28138566882784805,15.472052008702216,-0.3428253271744926
5.8639585976677875,-0.1523602899272894,-0.560304016056007,-1.320309303058841,1.8509444586525434,-2.4754584134909146,-21.072577907674223,1.9938211854916343,-0.4084175927973857,-2.0027459013945954,0.16488304299556264,0.8923952239238091,14.799948475715839,1.1440013408418903,-10.134096661256084,3.5518803547207893,0.40262634514776574,0.7080985943660945,14.729395161015987,0.8846000995119516
4.332265831858004,0.09705909000876162,0.34855308854895173,-0.5874717209675256,-1.9783256829359062,-1.8341344884840098,-19.448147870906826,2.394005836276565,0.5675585140360151,0.37439089423091276,-1.9695865369258962,-0.5239380655293313,14.171598460376858,0.5116817421267709,-9.850993747314554,2.3934351697769767,0.4175704551176341,-0.23758801614457767,14.205695207239312,-0.25005976294348603
3.8328746744133717,0.08048715772713283,-0.07463106338832824,0.7724269453720682,0.910738198746929,-0.6796093842345934,-18.29430043620843,1.4952652357433323,-0.15004081142021633,-0.6817921481717946,-0.11528907010203615,-0.6972557685802526,13.849457122916991,0.9741324309576422,-9.743917308292872,1.127109476833458,0.7893701908416968,0.5988223851706697,16.154709475222607,0.6256608576835191
4.123527338428329,1.658952192972974,-1.157904894960205,0.7843669534251874,-0.7372983557545387,1.4459642169096096,-16.627828602088876,1.011454338191095,-0.8305396143224304,0.11372223072847953,0.672652309568103,-2.556171477021934,12.92885700191393,-1.7584787355602676,-10.992093502727213,1.023546133880992,0.07170125757112567,-2.1606742439378523,16.34375404567262,-0.03124403241624471
4.922387264726814,-1.465262877308429,-0.8752909361298324,1.6305188736575402,0.07666789907509225,0.250129487740385,-16.70072727347523,2.180603441307574,1.2803021283868024,1.9132444920928249,0.8974902978340722,0.5092816406173515,12.103850645740948,0.7453330468792776,-8.775430264515766,1.771826673061288,-0.2781127242005465,1.9200349017424745,15.82909194156598,0.15058417637563276
5.987249855452033,0.08825016338531544,-0.9676235035361862,-0.07548323415994507,-0.4621350450112057,1.4000981040783747,-16.076176359971683,4.267650008011163,-1.29430730491585,0.6869492044327157,-2.328394505566676,-0.7307161969185272,12.505951081966042,-0.16966694401772042,-9.699949749120801,0.2783494753944593,-0.10888497197532959,-1.2227266516025506,15.967227269060407,-0.38514037068649115
5.974761892914096,0.053849716393819955,0.3679197488345601,0.4186123394134462,-1.029468634807853,-0.28467819642012104,-15.570081405663142,3.428051536705037,0.5605657762185547,-0.6568601847641203,1.3943444052588414,0.46741458758778565,13.122482127974358,-0.7974632261425223,-8.974844971361847,-0.3837494941313926,-1.1158848275758082,-0.9113090763607572,17.53337658930812,0.029331723712306836
6.01904712877826,1.2276708854257625,0.19461206966847638,0.7898815284405529,1.4075561423871692,-0.0009278047300141645,-15.14813264772488,2.4270931194052143,-0.5773185867992116,1.5038096167432276,-1.0079471202945407,0.12495370812263629,13.884001286322212,-0.19866617637740014,-9.491910607161165,-1.481590530145109,-0.835168608201315,-0.22983881656004768,17.484948833817132,1.6033875124964376
6.489221798224599,1.7391651534220425,-1.28502339667765,0.14603523683938632,0.7942718708451155,0.4564545408205489,-17.210794683910038,2.553308357501976,-0.2795320893704902,1.0937690847376773,0.25469230557675604,-0.23685535703264518,12.353524773190678,0.8986126722160156,-10.947720056916946,-2.019430615588698,-0.388221129373397,-1.309040698617027,17.57650795485012,0.0016263389852210486
5.021957738829978,-0.2856926859892694,-0.3753430489559561,0.6842645043874306,-2.048954730311938,-1.0335687746741462,-15.699735006597113,1.205646253889237,-1.352348696720829,-1.2774738812734752,0.11733194878229371,0.9888521230709055,12.569415715400044,0.5570969261255522,-11.302068196220741,-2.1424277011903965,-1.4815799057989893,2.273262920530566,17.705025350248274,0.2551556760967148
4.671952062398387,0.807101020956827,0.07638925118792,-1.1519606957791066,0.4796475742228462,-0.8304767585034221,-14.269781011235343,0.4376548576109552,0.018128104255841465,-0.8183619734798595,0.09001830892810997,1.7613012026190773,12.047667878528527,-0.38324180435051336,-10.678883104404102,-0.5627026558974919,-1.3153609996062359,-1.7098061730773189,18.69849868571567,-0.05577985839078323
3.8520270101326464,0.32119691412279244,-1.4977449204485869,-0.17153316033557903,-0.8240228296396299,0.8102224263296856,-16.303944059245314,-0.673743152360825,-0.48347409813520215,0.9455947117530321,1.5803974326034036,0.5185613633009645,12.791938451790946,-0.1907148615020145,-11.848023003601718,0.04323791810759392,-1.4318694348478764,1.8681037318551774,18.942457093870363,0.15005616592810792
3.566121207250121,-0.006478164088006999,1.714659782597562,-2.2799152285182185,0.606532729990329,0.0328397729334034,-15.50985985178567,0.8140035345412836,0.788592432241617,-0.9492462924449956,0.16999598301569263,-0.2599921603070663,11.950836978232605,0.7935376609933489,-12.832225474480953,-0.49725032207045416,-0.5878951737538546,-1.1095221651154918,19.385085762661713,0.7497267075579093
3.0729940979832278,1.7960861060282733,-1.226752547073167,-0.826512253194632,1.0447355286913023,1.3707023613115734,-15.001023434793947,0.8200549163313824,0.010529279049376394,-0.46395591852323137,0.2441877607268078,-0.13501542823202223,12.967120261391726,-0.5179877133143521,-11.641108074228885,-0.5836241459110438,0.5585367677993741,0.262313041219548,19.782712914277816,-1.188112448323805
4.25907371130056,-1.3258337556430473,-0.8495947576108598,0.5768436852291543,-2.1496439598492887,0.6905611007450589,-15.606519040254621,0.5647302420449498,-0.29181878755278706,0.46602853521353393,-0.015380087501957462,-0.23022277210215414,13.518152039663159,0.2018789751769937,-12.636462248300127,-0.3601368934965494,-0.1768268066019959,-0.7478611760205748,22.32743697962833,0.16306270792440614
3.2748006041778006,0.46573048258385563,-0.378143794235144,1.9002590121305645,0.24601920455364867,0.07763603060300878,-14.411678428124667,0.33092574057229157,-1.319941271385653,-0.22250228552728438,-0.7240603185283271,1.9110764422334614,14.228716307083632,-0.12440521862514417,-12.009807730650016,0.706233209642426,0.19283537809033952,-0.735233424306296,21.41959767241043,-0.22786480069278928
3.5760879494258253,-0.491475759783766,-0.15003887096205304,0.5506054747808494,0.7937579146877672,0.18941019980139578,-15.514488119284454,-0.5062338142636993,0.014471790139505919,0.438684145030689,1.0642184708033913,-0.23887821258415376,14.898070010773596,-0.9039995545882173,-12.106925788121748,1.6027579194439805,0.02086297228331091,-1.1269423301961554,20.23832850127808,-0.483089699818498
2.006896969596866,0.009928169963643013,1.0515888704535232,0.5811369472391081,0.27041199569045216,1.837147657438733,-15.767304775788496,-0.995933534956175,0.47751527836866264,0.0605467866686753,-1.4344712440272869,-0.5527557506559106,13.605984075929923,0.6535287505664007,-12.442109769197998,1.7656981681336688,0.3520622336196598,2.19220427496221,20.2411146542838,1.131189191803434
3.057631779849105,-0.9126877808702301,-1.5721711517165657,2.4057980874954548,-1.0908195537549785,0.8726563268237302,-17.673796092498502,0.09912818965293158,0.045498945347151154,-0.11200988249426151,0.6531756666847987,0.1080674861861374,12.720660524760921,-1.010472254039526,-11.80186348143675,2.105601723511585,0.7204169890356256,-0.6532369040444322,19.625323461706504,-0.3948756580529473
2.6069775948442975,0.38210843779529524,-1.2125814853876427,1.9147001001443118,0.05249414576296518,-0.5585303689310331,-17.201388943686062,0.854462220784746,0.38321843588457555,-1.9023221286651095,-0.30119705664848,0.03390205897832627,14.24764353958359,-0.6397744898434427,-12.620998323011495,1.5135420161689521,1.3385491363821291,-1.6039427326307498,20.526674734594973,1.6325148662353297
1.4923804101932212,-0.9824774935645758,-0.2794074132870492,0.9462108742575351,1.174858399766486,-0.7196100151770082,-16.67690563741465,1.8780254234287699,0.47219246438393364,-1.4366767031715324,0.1282886757748746,-0.9253185968664717,12.623620985585658,0.15257356702388714,-12.982417895005154,1.3193565996897036,0.4934418604195683,0.17116951085909504,20.64680244813887,1.688124148681097
2.1055233890803957,-0.3866255048123897,1.1822386721662996,1.906091629626854,0.3306364965144202,0.176329389500264,-15.957722689325358,0.956177756599495,-3.623200381000028,-1.3946631109471561,-0.3178389017859501,-0.5715907289360862,12.404239247291112,-0.06185311056505589,-15.247570046412509,1.564145021012433,-0.30026792175201134,0.28747961472075473,20.65260046094826,0.9979562495740445
2.5661786376300184,-0.24815554808011708,-1.3444401147019542,0.20781253228886465,-0.984384241056546,0.41661007612194223,-16.934067611515594,1.7184587710291948,-0.1689456719871471,-0.6027984466115792,1.2697188091829745,-0.16417114945886133,12.248757327813955,0.5147657364060338,-14.404801364328474,1.3104423750907463,0.5057221317454975,0.30542519635627274,20.552961570197148,-1.063011798238734
2.355325562596811,1.9734071068822716,0.5701805406671823,1.032588781905717,0.507779672240332,-1.7397311994947924,-15.893720280352614,1.7208181703762477,-0.8134014464904213,-0.46333433996736084,-3.5057785448442065,-0.21354429773557332,12.111302895798119,2.4903854103829453,-13.61814569974012,1.0996132161747665,-0.7873753352120693,-0.2549276162212992,21.297906740499446,-0.6880672481728953
4.810025873707521,0.21582476078097101,1.657578866578744,0.27831791157544844,-1.3501628113197839,-2.2472507838997604,-16.014685970580054,1.2850290472237813,-3.049174428878643,1.555908788518838,0.6829068917845404,2.613496430392025,12.599833406919153,-1.1577153318828315,-13.050489478898365,0.6086705441886483,1.3419637541959157,0.505266748085466,21.879345305610183,1.7297019237369804
6.599807430763345,1.4418089442305533,-0.4266232010060149,0.6343691101986675,0.004773434321469594,-1.6938358692003435,-16.252794957198745,2.4005846354766556,-0.1478169955023582,0.7513516238450937,0.13701291727752063,-0.36465395881155327,12.451116574442326,1.4259515268552292,-13.85630565555745,1.5227740984937017,2.138707053488881,0.042261883104357634,22.46104211154722,-1.3635084264649144
7.53955569939012,0.08639335784217539,0.672222133295147,1.0829170054528439,-1.309392835397424,-0.43903949703758394,-15.490217788927076,3.4692678178545506,-1.3169435839722998,-0.3194467146018385,-0.6345496098436681,0.9458378880264515,12.719817781200687,-0.24334816594867514,-12.45964647437968,1.3107152885335958,1.897712786110984,0.04279453978600396,22.59455941949667,-0.015608338091310375
8.516047109252023,-0.6271502168663813,1.3720848739879379,-0.07126014452158147,0.45966514065310804,1.1955966148538957,-15.636575454902905,3.261626362381324,-0.42749967870008887,1.1559831330057158,0.38517386452319213,0.2380609887858458,13.357611536978954,0.14097727935052745,-13.577554104519955,1.6839169484171537,2.5195870950557038,-0.15830123421211267,22.626610640023635,0.9096062382535115
8.527326159725796,1.723685818763094,-1.6505678799351255,0.8446053003086191,-0.15856542017458133,0.029646876641051145,-14.487876186684284,2.2984918356036705,-0.44131591311769786,0.9298852857433306,1.0900769480510508,-0.27723088598408374,15.093569017419478,-0.38007223787273714,-12.544256622418374,4.237613659664206,3.1139386694934412,0.5407031126435182,23.873491355592073,1.2020947801105155
7.505975919491223,1.5397059439918621,-0.6189384468300018,0.3586693283857685,1.2554380585490148,0.16866218669406935,-14.00766119726608,2.423747247136118,-0.17136795093100027,1.0295819995531073,-1.3641445616935832,-0.6624670859054896,14.776565714325853,-0.7057628040656863,-14.089445513569915,4.3669513519397745,1.9186606816016916,1.3529818696650016,22.29344700576907,-0.08901357053997072
5.7869274970513835,-0.7551365436501705,0.5794036739098287,-1.169792415585171,0.5039713046378399,0.8315195131455891,-13.026643818692868,2.127208211857053,-0.3401700462950003,0.40793585130828325,0.4739311791090229,1.1413277031548126,15.823063164181328,-0.5108739731835646,-15.88692913950636,2.9400237142128196,2.576382693846273,-0.09948884264197821,22.170762849695347,0.1640617652239526
6.3772618787968804,0.8637340802012585,0.2518614817145527,2.2575063091771277,-1.5389443497330297,1.8451927393060916,-12.891387462145703,2.7233390302023386,-0.8295187442313341,-0.8750684407371555,-1.0114649440326446,0.4465746900437054,16.365895014380293,0.43346747394278073,-15.49331333979452,3.909113207528751,3.915453348265078,-0.6676020425292446,20.736089847763015,-0.1333935427894395
6.563061812798685,0.11753669385128213,-0.6672845599058203,2.6827804493076273,1.9678248452123315,0.976129902081905,-14.571869467542319,3.8926959203746705,-0.1853176093541827,0.16186039000519942,-0.47215364879364413,-0.9603442876483037,16.521499683287576,-0.6626038124474175,-17.031129728634482,5.2115612488842515,3.587866011379754,0.5771000130395647,19.683531792897142,0.15012898025500196
5.350068994274903,0.13785990680840676,-1.2866857101084814,1.8768672986655406,0.3441381303632929,-0.23780198712781297,-14.260021127831376,4.956815248041295,-2.033556628259753,0.7217701127409308,1.27258580050793,0.5542447818007948,16.134621552995675,0.5971110327303372,-16.560698106341924,5.715372940590907,4.509374286730448,1.0797418684560496,21.458018354999187,2.313129650694739
6.077006320436144,-0.8371964420292534,-0.8373540198742289,1.1542158356897763,0.9259833272209134,-0.4536425422143441,-13.660188825943289,4.5297486950097525,0.2021222948156534,0.2668267428122272,0.5653925098130202,-1.0963431079778228,14.474944162626992,-1.992943707892046,-15.80847310013967,8.030885283112429,6.920021278131733,-0.8373371763800705,21.204837688152335,2.9223966142382376
7.203524339355808,0.1860142205853058,0.5830494244801996,0.06804283952149143,0.11717933667221392,-2.704992417148805,-14.054086572312187,3.8839902598975713,1.103487819232005,-1.2615036162645512,0.18806964574378415,0.15541922909181283,15.52470452499488,1.2308786429358125,-14.728801423520279,8.935678553574462,4.035382729779537,-0.9435580592767898,21.479857918388742,1.2182282328785419
9.09415599746185,0.17757865664391215,-0.1698344337297299,1.4211585551884256,-1.6543226999504916,-0.6125691382027911,-15.25271958827658,3.3005880147815585,-0.028108050032555815,-0.16161186031285502,0.014633702269983312,1.8221583024857992,14.83774507586539,-1.2377885010658836,-15.216604578023478,9.551144966871203,5.1150418943883915,0.9145050795422298,21.065282719306488,0.976074895183807
8.776560383633525,-0.045048125093325744,0.3533601601301652,1.1317438650721958,-0.09009865983268617,0.6357073488449534,-14.97367532912574,2.3711578627191283,0.20278672741896756,-0.5023662786938643,0.4997901387360251,-2.252411264368612,14.438914243247028,-0.40515070053593916,-14.931781643081596,9.965838261466603,4.28696321968157,1.1071399719763968,21.483834798859633,0.4389814623574499
10.724278422245458,0.06223431368797165,0.3359780554608073,0.972943886548735,0.22674518271172173,-0.20981549759771562,-15.826703244566076,1.8168704810311136,1.3373428835405645,0.3958284988440547,-2.6760056264636534,0.7099126368006738,13.832951171703424,0.806107707058959,-15.759339831257583,10.485386536548177,4.6927104545048826,-0.8716354819011222,23.039634270747403,-0.06176217194931642
11.28080033015718,1.4190274009168042,1.3169869977085908,0.10140892514903915,-0.017829599454594655,0.80766989666365,-15.441275877506325,0.6291923534696365,0.34932477402538603,1.9801878626817664,-0.2506858741838527,1.577665739955331,14.064381411096699,1.076176925138757,-15.556471989932026,9.63407985695455,5.088623224406068,0.6912804383795468,21.806142873367133,0.17264684426597035
10.791005504886847,-0.7818807277373259,-0.5804506724254466,0.08433422122630276,-0.366909559587676,0.14438734853344148,-15.833814700642835,0.5745569185416347,1.144258654316656,1.5675959239685788,-0.5013439510524771,0.47224032324788856,12.487946127931542,-1.2480662155724118,-16.076012551391745,10.126523661151,4.07236496347133,0.07428377402412661,20.711608989179886,0.3867842602135073
11.79350317864356,0.5139035230529149,-1.1287205266849891,-0.5215309719775754,-0.45382673061496254,0.9527224588543817,-15.284022674208916,1.4530621675498865,1.3631455217977568,2.100017606264807,0.13112544336442855,-0.23922599572409597,12.632245280038717,1.1006572185880705,-16.436898013559045,10.070662450386802,1.5928635651377583,0.28583810468278514,20.809657878177113,1.4147123921680174
12.102493032256207,-0.3862465253265174,1.8206399669593478,0.8203814001043117,0.2451603158778903,0.29775723745759547,-15.056263976379363,1.7637272058744329,0.8318165870796953,-0.9261187294891398,0.5852536766999248,1.3398085138418574,12.736916342807424,-2.3724605342920886,-16.632534924608542,11.164825292275768,0.34611550367948984,-0.09206828060503505,21.765223777878415,-0.25228894732209917
10.802513681460816,-0.7915946202720338,-1.216486706583509,-1.5994029571940904,0.05443813391494315,0.6530373616194786,-14.514273227864155,0.05061036055945767,-1.0227023753705256,-0.7628711529330832,0.004061020041534885,-0.7891451678995383,12.490696179477425,1.8944942304094923,-16.43067696512792,10.974841296986977,-0.7994526346034385,-1.7059295839187085,22.094656625407175,0.28795147782157704
10.262329265119554,-0.7539307385546896,-0.843091573283596,0.21286590939724093,-1.1100032578881218,0.8439727093405154,-14.402830477174279,-0.09495198207498302,1.1775866622297246,-1.3278360488801608,-0.4414961610660624,0.3647518585071762,13.591232425921406,-1.2190102089865031,-15.452708319338573,9.893265637469009,-0.7883324502877597,1.1046173397293946,21.85495027163305,0.8099940868487928
11.50934085704586,-0.6532411869906913,-0.2656550871121405,0.78415175198191,1.8199877459077385,1.4704046560329296,-12.841527530182619,0.012160802592138434,-0.6421470756792343,-1.1263121961022202,0.9959023688562602,-0.6156658567932618,14.588013209811226,-0.830540907371983,-15.608089876004396,9.818173619665167,-0.7148263488826595,-0.06261313426719411,22.947274225673397,0.43082185219331515
11.98251602604399,-0.2852772575920502,-0.32305162395345727,-0.42853978338786114,-1.7475359737773077,0.07295466083970914,-12.931242511039851,1.0682238491536935,-0.6140841394287312,0.82925203625192,-0.6745084392911669,-1.420346388067708,13.869172010189123,0.18802338342451547,-16.48275803562022,11.03804990756507,-1.2629330283337405,0.5209499298030802,24.54392603178093,1.0723449285668454
11.276830746803936,-0.4678648875354276,-1.0466305290396885,-1.487203381306375,-0.1633691105290811,0.7201270086859574,-13.587198389030016,1.3524674534198549,-1.1106222978553406,0.1986027622888761,1.731591781660594,-1.051412770658355,14.249672683797636,-0.0801464776614998,-15.050951277451057,9.702976285024162,0.3491313491946899,-0.6338129921920512,24.707157896102103,-0.42528369966657364
11.1754694168622,-1.2772627556935865,-0.5444624861555628,-2.6797484229827777,-1.5345176912662217,2.8719441347847114,-14.23213995042789,1.8838637130121367,0.3138704341133365,0.1671768308205732,-2.1893841353524603,0.6232364918527544,14.930686522579887,1.4459474948832804,-15.154769806175356,9.31206092495957,0.06561245247956038,-0.0800799966275968,24.725103692328396,-0.2779682607533095
9.723518276969022,0.2195934746794774,0.48565394165217207,-0.8191481768486863,0.98458845301278,4.113392714966057,-13.50678165963441,2.2501450442843507,1.5768395977897578,1.0458665560929903,0.7222079011541201,0.6611856586658272,13.912379033598738,0.30796358204726626,-15.30026150061187,11.299654172893012,-1.4426617401253652,0.30795270539352143,23.90507501214556,-1.463914837398828
9.00168943970037,0.6511349111549469,0.1972400209746035,-0.2734387568866011,-0.11124002743037353,1.8690196835544133,-12.635212013742672,3.0653031832142066,-0.7750402308582435,0.6329880736166226,1.7918219168676675,-0.1833517817598318,13.219926885755635,-0.47150260080229456,-16.26667452815824,10.324636104065158,-1.3611849651102244,0.563417474726392,24.761890456261316,0.39858312648604177
10.223343455545615,-0.141920518174896,-1.0019413323849495,1.938596603589471,-0.8184772085332115,0.8513789256610924,-13.009618865898398,4.191443147067368,-0.22091097386200603,1.6539515311359387,-1.4433899420586038,-0.4646811717665372,13.331302946753185,1.4884581199122269,-17.68676490641064,8.933476041895531,-1.2844711385891792,0.4120655810355535,23.9164996679328,-2.440894401025462
12.61615784942826,-0.9428605194568928,0.40509796336973086,1.5812513021119865,0.7286383681070412,0.4788186514360336,-11.849468403918166,2.755136481005513,-1.0426026574018783,0.7758365834862433,-0.06634963126824722,0.4319236042407535,14.905174128635677,-0.8747379213772627,-17.381880248196726,10.148248721755754,-1.2868901668659072,-0.24735533936998444,24.49371444821087,-0.011417098947850424
13.940255042152977,1.9407247999552435,0.7768230703221132,3.5824848209991225,-2.1062190045965643,1.5654812581148398,-12.803923957863223,1.6515373117442609,-0.3942840012884439,0.1880302312151934,0.8578042225676811,0.876117262832137,15.345090221883504,0.13948221314886944,-16.9130425075806,9.315064161658341,-1.1841936874774868,-0.8806137015839807,22.73410244291337,0.5293805272585729
13.580288701233329,-0.4759644353709376,0.8642229223919131,3.995510965624806,1.7489388817994194,1.8251219727114163,-13.744015890890964,0.822041595689509,0.020658515310352475,-0.5499064967692687,-0.5027465303089576,-0.3460511763860154,15.901339611377146,1.3169279186955174,-17.817293468684547,9.606084208534845,-0.018163878526786803,0.4994398163538996,25.433414619633254,0.31996174723731885
15.771995876617027,0.6949653457224327,0.9336570364552186,3.28340388994498,-2.26625989101188,3.262421112192825,-14.093165582298688,2.063168735266321,0.5261850955483718,-0.08232891118045124,0.43907898857107264,1.3085520749623991,15.744380354041814,1.6869754131477368,-18.268225220191216,9.459804009356608,-0.7250821749212171,-1.0921014543362508,25.519439218224225,0.15297745950350516
15.66345762519899,-0.774895127236778,-0.7468601214273962,1.205571128233817,2.160896742609931,0.846325396637905,-13.357804226810392,0.3803887139473403,-0.18342902890585525,0.2527053458231071,0.9976237492079006,-0.149973795463002,16.599195705717033,-2.539089687034086,-17.020649837238267,8.343717757722143,-2.1426216010294086,1.8599539859367757,24.925492501631467,0.23542192009705282
16.469929416312997,0.4724889481166687,0.6215267455820679,0.41733220258755155,-0.412136268645094,-0.22455892814171174,-12.452580285521304,0.7452831247053647,-0.3020251696823662,-1.741240339360124,-0.039340970124342234,0.3434692563380017,17.80877596460635,0.9253018233269995,-16.627119342094208,8.335248613972658,-1.459038688694565,-1.1646238917189027,24.932944562462737,-0.10486369515783772
15.030567953879647,-1.4772303696894726,-0.20564333972407767,0.7435148908753173,0.575940423717732,-1.700582159711277,-12.71671159151875,-0.023779434161213087,-1.1093600542093547,1.698942651701537,1.0464287558376546,-0.5732320461866627,18.44852470764417,-0.6055578007226167,-15.972215661144203,9.582324052358445,-1.001553942934885,1.096934657978589,25.951209011190386,0.8261194952064443
16.51750831702908,-0.6439253988869632,1.5490489864100025,0.6018021592173357,-2.150390002258629,-1.0116646616250349,-12.064871584599693,-0.2176964163581197,-0.4796920710612802,0.3499409154905491,0.24193268450344946,-0.9125089340137997,19.58661727177911,-1.7704346577197125,-16.395404536067137,9.840698843304109,-0.6672151395624044,0.06046478837116809,25.59158691688069,-0.40413012423826816
16.19813275363977,-0.5136295143935531,-0.8565776100755168,-0.1200511596338279,0.9524605447496284,-2.5302699846594305,-12.49027345765377,-1.4607374965256457,-0.7661433269208646,0.32382914372999105,-0.10114761525098298,0.5148117964897471,19.21023156688259,1.19379831329385,-16.179409637282145,7.489729185739083,-0.17034760703099633,0.3507358169487559,24.83901554398101,1.266655779219358
16.688762423268518,-0.1307485228640178,0.9311275967168811,1.7723257204547915,0.6016967521934532,-1.2405569645427117,-12.858550269018739,-0.06144434924877529,0.16698965951410435,-0.5304086178019869,0.7962147343448074,-1.492773723539688,18.227286737916163,-1.7535703865683292,-17.287051649448276,6.883141796323755,2.392671295838348,-1.0086274598246494,26.61860167856563,0.13297132516014526
17.429870089088734,0.21900332398114566,-0.5872502405968774,-1.4520574035615768,-0.1972022966371317,-0.322083272219997,-12.052784946303431,-1.0929615965223045,1.4622793596832955,-0.4992636171519995,0.3412848666199101,0.5476471292384874,17.960701650416066,0.4974673735502789,-16.594608017047257,8.259465936787137,1.9894651917785051,1.618801867820446,28.206672197974477,0.20743309271489876
17.500456297914464,-2.720061976284114,2.158903922956606,-0.7042277458899796,-0.4834394810627818,-0.8527693632177767,-12.459657517002363,-2.163618531640684,1.1361302862580203,1.4849598709121983,1.2503185562591275,-0.9126430378673902,17.951058483742344,0.28484323845103965,-17.29617078615209,6.743377322285717,2.2540441418052173,0.13046114574662893,30.024925203367662,-0.21273526855486338
16.270945575001683,-1.039811418408149,-0.5195783141478567,-0.4306105858393726,-0.645104389876084,0.9437072519232234,-12.070856240992523,-2.899453599473375,-0.361992176522702,0.9406622248923477,-0.7369437745919707,0.8040915583762489,17.767137612075594,-0.7401831885081387,-15.753565532912212,6.73843808104992,2.8009798383872733,-2.1834462153394014,29.01707220991119,-1.5521346550555768
15.577444940042225,-0.7403929524234747,-0.8093081730254453,-1.4467719720202976,-0.22433043306697686,-1.4598062151169708,-13.776501119026282,-3.1986148381068253,0.34995002633644545,0.6290032048928648,0.02213051538782368,-0.1269315613180672,17.42869363148078,0.3009853474707651,-16.31832221763957,6.7279908489954,2.7356130693421563,0.13639386879182158,30.28982473087807,0.8477097115384011
15.250228659405952,0.5316632290083596,0.7532803605400284,-0.44903902458227873,-2.2368747752834146,0.026980325285939855,-13.018749422607621,-1.6803239137706487,-1.4795886043703548,0.09350453247556553,1.8902276030311538,-0.144484432723678,19.925538656255057,-0.8803220303487707,-16.305030500636768,6.848285744675623,2.260284365626095,0.5289953414904816,29.067435438614414,-0.579515157180702
13.762805525491078,0.7510848082565693,-0.6678922295871915,1.2506153352569973,-0.2924474880352579,-0.3744025143889909,-11.679493919735677,-2.3582973715121054,-1.0651234848692284,-0.08072192611731366,-2.491970679846903,1.15086523092083,20.702546046452742,-2.057667141942621,-16.663929463118006,6.00978416686774,0.9126981543779866,0.6094181809188154,27.767048401819974,-0.5453838816293642
13.8753424359928,-2.4357412684003488,0.8711332601834286,2.182099907995764,0.41134881274553237,-0.47922784651589834,-12.772705344316197,-0.6428826559396696,-0.7113270229029024,-0.40753435896999085,-0.42871576667915423,-1.5260833618189338,20.496360710850727,2.5374830612593335,-16.766814050841486,6.344701098923103,0.6644143698133909,0.1143255753107163,27.14747893573672,1.4139859417683904
14.876200294916792,1.4464451448870443,0.21947429278065897,0.5522138955963976,-0.09113455344517993,-1.6771349648263154,-10.612361179718445,-0.47090265900547496,-0.8424897786367518,1.1611801312513743,-0.2848560453878436,0.02898357104576954,19.43105737814583,-2.222803507280233,-17.98844023453961,6.406482507006315,1.0498695714871815,0.7282777055974279,27.07052823579532,-1.2667174470878428
14.173772975957945,-0.4886498377100314,-0.00564801393479682,0.6945996056609562,1.3452162657667563,-2.872870909123111,-11.413375967986855,-0.4279458358555645,0.44652377373703456,-1.2271107483424615,1.377961395742604,-2.4391621144749807,19.105040164443107,2.5831655633503448,-17.98052318556264,5.7012125767717485,2.490956614864512,0.7521236695333509,26.509573262314987,0.6415302736474218
13.131747805263197,-0.0717360040803243,2.1344687665861386,2.586974599476714,-0.3353086728547141,-2.3782726447303215,-8.726836543385122,-0.5076957524625711,-1.305148206717059,-0.47543281004014426,-0.30077970025735407,1.4138828812375366,19.46851892088839,-1.4634647349505685,-19.075173439852602,5.192911764056959,1.496670257134439,0.03407142116119688,27.63157153982819,-0.3827596229172377
13.750897634428181,0.32136179178184116,-0.7630277226247841,1.7742267911347769,-0.3101975631722593,-2.23079407265506,-9.420267181167185,-1.2101563001676023,2.0173766229910433,-0.655598688642312,0.14456630998836226,-0.25471209396357564,19.10148311836317,0.17900587423939607,-20.060938441056607,4.079853951025829,1.1729820131053854,-0.8268055752989223,26.485072273829896,0.6676633726808479
13.377802719469738,0.17057026044718943,-0.5110996728901793,0.02092574431250971,1.0244262544422806,-3.3496243305823334,-10.443581114261363,-1.2362719343343958,1.8947040337449723,-1.051610298788392,1.6540464475716323,0.9772509129129882,19.93071430685495,-0.74060954738867,-20.900570350073288,2.3745311974067778,0.19176488245009404,0.31727138980862113,24.759409024462016,-0.2448057761022063
12.41623010143515,-0.09998038318783602,-1.15359114395825,0.2885424462922987,-1.1443685660404617,-1.8738014171951218,-10.174898681022087,-0.3047725750467717,1.1048395414923684,0.056422938818018964,-0.20874159361545785,-1.0918542233331476,20.652528512171507,-0.09954823113243527,-19.974995549342186,3.1796836642101614,-0.09342121858953817,-1.1837650820496624,24.313517429013245,-0.443762943115641
13.110476691086212,-2.398461162607889,0.07202713821568972,1.7727620515515012,0.9465411524183864,0.38040483176715156,-10.306437219931803,0.09141575217845943,0.3194026310993442,0.7981802239750461,-0.0239034349168991,1.082257755661028,20.479065076337207,1.080503972516633,-20.06897532403056,2.570880202180428,1.0854756460881756,0.04798259022882201,25.53254947727889,1.4386724062254335
